0 0 50 0
1 0 50 0
2 0 50 0
3 0 50 0
4 0 50 0
5 0 50 0
6 0 50 0
7 0 50 0
8 0 50 0
9 0 50 0
10 0 50 0
11 0 50 0
12 0 50 0
13 0 50 0
14 0 50 0
15 0 50 1
0 1 50 0
1 1 50 0
2 1 50 0
3 1 50 0
4 1 50 0
5 1 50 0
6 1 50 0
7 1 50 0
8 1 50 0
9 1 50 0
10 1 50 0
11 1 50 0
12 1 50 0
13 1 50 0
14 1 50 0
15 1 50 1
0 2 51 0
1 2 50 0
2 2 50 0
3 2 50 0
4 2 50 0
5 2 50 0
6 2 50 0
7 2 50 0
8 2 50 0
9 2 50 0
10 2 50 0
11 2 50 0
12 2 50 0
13 2 50 0
14 2 50 0
15 2 50 1
0 3 51 0
1 3 50 0
2 3 50 0
3 3 50 0
4 3 50 0
5 3 50 0
6 3 50 0
7 3 50 0
8 3 50 0
9 3 50 0
10 3 50 0
11 3 50 0
12 3 50 0
13 3 50 0
14 3 50 0
15 3 50 1
0 4 51 0
1 4 51 0
2 4 51 0
3 4 51 0
4 4 51 0
5 4 51 0
6 4 51 0
7 4 50 0
8 4 50 0
9 4 50 0
10 4 50 0
11 4 50 0
12 4 50 0
13 4 50 0
14 4 50 0
15 4 50 1
0 5 50 0
1 5 51 0
2 5 51 0
3 5 51 0
4 5 51 0
5 5 51 0
6 5 51 0
7 5 50 0
8 5 50 0
9 5 50 0
10 5 50 0
11 5 50 0
12 5 50 0
13 5 50 0
14 5 50 0
15 5 50 1
0 6 51 0
1 6 51 0
2 6 51 0
3 6 50 0
4 6 50 0
5 6 50 0
6 6 51 0
7 6 50 0
8 6 50 0
9 6 50 0
10 6 50 0
11 6 50 0
12 6 50 0
13 6 50 0
14 6 50 0
15 6 50 1
0 7 50 0
1 7 50 0
2 7 50 0
3 7 50 0
4 7 50 0
5 7 50 0
6 7 50 0
7 7 50 0
8 7 50 0
9 7 50 0
10 7 50 0
11 7 50 0
12 7 50 0
13 7 50 0
14 7 50 0
15 7 50 1
0 8 50 0
1 8 50 0
2 8 50 0
3 8 50 0
4 8 50 0
5 8 50 0
6 8 50 0
7 8 50 0
8 8 50 0
9 8 50 0
10 8 50 0
11 8 50 0
12 8 50 0
13 8 50 0
14 8 50 0
15 8 50 1
0 9 50 0
1 9 50 0
2 9 50 0
3 9 50 0
4 9 50 0
5 9 50 0
6 9 50 0
7 9 50 0
8 9 50 0
9 9 50 0
10 9 50 0
11 9 50 0
12 9 50 0
13 9 50 0
14 9 50 0
15 9 50 1
0 10 50 0
1 10 50 0
2 10 50 0
3 10 50 0
4 10 50 0
5 10 50 0
6 10 50 0
7 10 50 0
8 10 50 0
9 10 50 0
10 10 50 0
11 10 50 0
12 10 50 0
13 10 50 0
14 10 50 0
15 10 50 1
0 11 50 0
1 11 50 0
2 11 50 0
3 11 50 0
4 11 50 0
5 11 50 0
6 11 50 0
7 11 50 0
8 11 50 0
9 11 50 0
10 11 50 0
11 11 50 0
12 11 50 0
13 11 50 0
14 11 50 0
15 11 50 1
0 12 50 1
1 12 50 1
2 12 50 1
3 12 50 1
4 12 50 0
5 12 50 0
6 12 50 0
7 12 50 0
8 12 50 0
9 12 50 0
10 12 50 0
11 12 50 0
12 12 50 0
13 12 50 0
14 12 50 0
15 12 50 1
4 13 50 1
5 13 50 1
6 13 50 0
7 13 50 0
8 13 50 0
9 13 50 0
10 13 50 0
11 13 50 0
12 13 50 0
13 13 50 0
14 13 50 1
6 14 50 1
7 14 50 1
8 14 50 1
9 14 50 1
10 14 50 1
11 14 50 0
12 14 50 0
13 14 50 1
11 15 50 1
12 15 50 1
