16 0 50 1
17 0 50 0
18 0 50 0
19 0 50 0
20 0 50 0
21 0 50 0
22 0 50 0
23 0 50 0
24 0 50 0
25 0 50 0
26 0 50 0
27 0 50 0
28 0 50 0
29 0 50 0
30 0 50 0
31 0 50 1
16 1 50 1
17 1 50 0
18 1 50 0
19 1 50 0
20 1 50 0
21 1 50 0
22 1 50 0
23 1 50 0
24 1 50 0
25 1 50 0
26 1 50 0
27 1 50 0
28 1 50 0
29 1 50 0
30 1 50 0
31 1 50 1
16 2 50 1
17 2 50 0
18 2 50 0
19 2 50 0
20 2 50 0
21 2 50 0
22 2 50 0
23 2 50 0
24 2 50 0
25 2 50 0
26 2 50 0
27 2 50 0
28 2 50 0
29 2 50 0
30 2 50 0
31 2 50 1
16 3 50 1
17 3 50 0
18 3 50 0
19 3 50 0
20 3 50 0
21 3 50 0
22 3 50 0
23 3 50 0
24 3 50 0
25 3 50 0
26 3 50 0
27 3 50 0
28 3 50 0
29 3 50 0
30 3 50 0
31 3 50 1
16 4 50 1
17 4 50 0
18 4 50 0
19 4 50 0
20 4 50 0
21 4 50 0
22 4 50 0
23 4 50 0
24 4 50 0
25 4 50 0
26 4 50 0
27 4 50 0
28 4 50 0
29 4 50 0
30 4 50 0
31 4 50 1
16 5 50 1
17 5 50 0
18 5 50 0
19 5 50 0
20 5 50 0
21 5 50 0
22 5 50 0
23 5 50 0
24 5 50 0
25 5 50 0
26 5 50 0
27 5 50 0
28 5 50 0
29 5 50 0
30 5 50 0
31 5 50 1
16 6 50 1
17 6 50 0
18 6 50 0
19 6 50 0
20 6 50 0
21 6 50 0
22 6 50 0
23 6 50 0
24 6 50 0
25 6 50 0
26 6 50 0
27 6 50 0
28 6 50 0
29 6 50 0
30 6 50 0
31 6 50 1
16 7 50 1
17 7 50 0
18 7 50 0
19 7 50 0
20 7 50 0
21 7 50 0
22 7 50 0
23 7 50 0
24 7 50 0
25 7 50 0
26 7 50 0
27 7 50 0
28 7 50 0
29 7 50 0
30 7 50 1
16 8 50 1
17 8 50 0
18 8 50 0
19 8 50 0
20 8 50 0
21 8 50 0
22 8 50 0
23 8 50 0
24 8 50 0
25 8 50 0
26 8 50 0
27 8 50 0
28 8 50 0
29 8 50 0
30 8 50 1
16 9 50 1
17 9 50 0
18 9 50 0
19 9 50 0
20 9 50 0
21 9 50 0
22 9 50 0
23 9 50 0
24 9 50 0
25 9 50 0
26 9 50 0
27 9 50 0
28 9 50 0
29 9 50 0
30 9 50 0
31 9 50 1
16 10 50 1
17 10 50 0
18 10 50 0
19 10 50 0
20 10 50 0
21 10 50 0
22 10 50 0
23 10 50 0
24 10 50 0
25 10 50 0
26 10 50 0
27 10 50 0
28 10 50 0
29 10 50 0
30 10 50 0
31 10 50 1
16 11 50 1
17 11 50 0
18 11 50 0
19 11 50 0
20 11 50 0
21 11 50 0
22 11 50 0
23 11 50 0
24 11 50 0
25 11 50 0
26 11 50 0
27 11 50 0
28 11 50 0
29 11 50 0
30 11 50 0
31 11 50 1
16 12 50 1
17 12 50 1
18 12 50 0
19 12 50 0
20 12 50 0
21 12 50 0
22 12 50 0
23 12 50 0
24 12 50 0
25 12 50 0
26 12 50 0
27 12 50 0
28 12 50 0
29 12 50 1
30 12 50 1
31 12 50 1
18 13 50 1
19 13 50 1
20 13 50 1
21 13 50 1
22 13 50 0
23 13 50 0
24 13 50 0
25 13 50 0
26 13 50 0
27 13 50 0
28 13 50 1
22 14 50 1
23 14 50 1
24 14 50 1
25 14 50 1
26 14 50 1
27 14 50 1
25 15 50 1
