32 0 50 1
33 0 50 0
34 0 50 0
35 0 50 0
36 0 50 0
37 0 50 0
38 0 50 0
39 0 50 0
40 0 50 0
41 0 50 0
42 0 50 0
43 0 50 0
44 0 50 0
45 0 50 0
46 0 50 0
47 0 50 0
48 0 50 1
32 1 50 1
33 1 50 0
34 1 50 0
35 1 50 0
36 1 50 0
37 1 50 0
38 1 50 0
39 1 50 0
40 1 50 0
41 1 50 0
42 1 50 0
43 1 50 0
44 1 50 0
45 1 50 0
46 1 50 0
47 1 50 0
48 1 50 1
32 2 50 1
33 2 50 0
34 2 50 0
35 2 50 0
36 2 50 0
37 2 50 0
38 2 50 0
39 2 50 0
40 2 50 0
41 2 50 0
42 2 50 0
43 2 50 0
44 2 50 0
45 2 50 0
46 2 50 0
47 2 50 1
32 3 50 1
33 3 50 0
34 3 50 0
35 3 50 0
36 3 50 0
37 3 50 0
38 3 50 0
39 3 50 0
40 3 50 0
41 3 51 0
42 3 50 0
43 3 50 0
44 3 50 0
45 3 50 0
46 3 50 0
47 3 50 1
32 4 50 1
33 4 50 0
34 4 50 0
35 4 50 0
36 4 50 0
37 4 50 0
38 4 50 0
39 4 50 0
40 4 50 0
41 4 50 0
42 4 50 0
43 4 50 0
44 4 50 0
45 4 50 0
46 4 50 1
32 5 50 1
33 5 50 0
34 5 50 0
35 5 50 0
36 5 50 0
37 5 50 0
38 5 50 0
39 5 50 0
40 5 50 0
41 5 50 0
42 5 50 0
43 5 50 0
44 5 50 0
45 5 50 0
46 5 50 1
32 6 50 1
33 6 50 0
34 6 50 0
35 6 50 0
36 6 50 0
37 6 50 0
38 6 50 0
39 6 50 0
40 6 50 0
41 6 50 0
42 6 50 0
43 6 50 0
44 6 50 0
45 6 50 0
46 6 50 1
31 7 50 1
32 7 50 0
33 7 50 0
34 7 50 0
35 7 50 0
36 7 50 0
37 7 50 0
38 7 50 0
39 7 50 0
40 7 50 0
41 7 50 0
42 7 50 0
43 7 50 0
44 7 50 0
45 7 50 1
31 8 50 1
32 8 50 0
33 8 50 0
34 8 50 0
35 8 50 0
36 8 50 0
37 8 50 0
38 8 50 0
39 8 50 0
40 8 50 0
41 8 50 0
42 8 50 0
43 8 50 0
44 8 50 0
45 8 50 1
32 9 50 1
33 9 50 0
34 9 50 0
35 9 50 0
36 9 50 0
37 9 50 0
38 9 50 0
39 9 50 0
40 9 50 0
41 9 50 0
42 9 50 0
43 9 50 0
44 9 50 0
45 9 50 1
32 10 50 1
33 10 50 0
34 10 50 0
35 10 50 0
36 10 50 0
37 10 50 0
38 10 50 0
39 10 50 0
40 10 50 0
41 10 50 0
42 10 50 0
43 10 50 0
44 10 50 1
32 11 50 1
33 11 50 0
34 11 50 0
35 11 50 0
36 11 50 0
37 11 50 0
38 11 50 0
39 11 50 0
40 11 50 0
41 11 50 0
42 11 50 0
43 11 50 0
44 11 50 1
33 12 50 1
34 12 50 0
35 12 50 0
36 12 50 0
37 12 50 0
38 12 50 0
39 12 50 0
40 12 50 0
41 12 50 0
42 12 50 0
43 12 50 0
44 12 50 1
34 13 50 1
35 13 50 1
36 13 50 1
37 13 50 0
38 13 50 0
39 13 50 0
40 13 50 0
41 13 50 0
42 13 50 0
43 13 50 0
44 13 50 1
37 14 50 1
38 14 50 1
39 14 50 0
40 14 50 0
41 14 50 0
42 14 50 0
43 14 50 1
39 15 50 1
40 15 50 1
41 15 50 1
42 15 50 1
43 15 50 1
42 16 50 1
