49 0 50 1
50 0 50 0
51 0 50 0
52 0 50 0
53 0 50 0
54 0 50 0
55 0 50 0
56 0 50 0
57 0 50 1
49 1 50 1
50 1 50 0
51 1 50 0
52 1 50 0
53 1 50 0
54 1 50 0
55 1 50 0
56 1 50 0
57 1 50 1
48 2 50 1
49 2 50 0
50 2 50 0
51 2 50 0
52 2 50 0
53 2 50 0
54 2 50 0
55 2 50 0
56 2 50 0
57 2 50 1
48 3 50 1
49 3 50 0
50 3 50 0
51 3 50 0
52 3 50 0
53 3 50 0
54 3 50 0
55 3 50 0
56 3 50 0
47 4 50 1
48 4 50 0
49 4 50 0
50 4 50 0
51 4 50 0
52 4 50 0
53 4 50 0
54 4 50 0
55 4 50 0
56 4 50 0
57 4 50 1
47 5 50 1
48 5 50 0
49 5 50 0
50 5 50 0
51 5 50 0
52 5 50 0
53 5 50 0
54 5 50 0
55 5 50 0
56 5 50 0
57 5 50 1
47 6 50 1
48 6 50 0
49 6 50 0
50 6 50 0
51 6 50 0
52 6 50 0
53 6 50 0
54 6 50 0
55 6 50 0
56 6 50 0
57 6 50 1
46 7 50 1
47 7 50 0
48 7 50 0
49 7 50 0
50 7 50 0
51 7 50 0
52 7 50 0
53 7 50 0
54 7 50 0
55 7 50 0
56 7 50 0
57 7 50 1
46 8 50 1
47 8 50 0
48 8 50 0
49 8 50 0
50 8 50 0
51 8 50 0
52 8 50 0
53 8 50 0
54 8 50 0
55 8 50 0
56 8 50 0
57 8 50 1
46 9 50 1
47 9 50 0
48 9 50 0
49 9 50 0
50 9 50 0
51 9 50 0
52 9 50 0
53 9 50 0
54 9 50 0
55 9 50 0
56 9 50 0
57 9 50 1
45 10 50 1
46 10 50 0
47 10 50 0
48 10 50 0
49 10 50 0
50 10 50 0
51 10 50 0
52 10 50 0
53 10 50 0
54 10 50 0
55 10 50 0
56 10 50 0
57 10 50 1
45 11 50 1
46 11 50 0
47 11 50 0
48 11 50 0
49 11 50 0
50 11 50 0
51 11 50 0
52 11 50 0
53 11 50 0
54 11 50 0
55 11 50 0
56 11 50 0
57 11 50 1
45 12 50 1
46 12 50 0
47 12 50 0
48 12 50 0
49 12 50 0
50 12 50 0
51 12 50 0
52 12 50 0
53 12 50 0
54 12 50 0
55 12 50 0
56 12 50 0
57 12 50 1
45 13 50 1
46 13 50 0
47 13 50 0
48 13 50 0
49 13 50 0
50 13 50 0
51 13 50 0
52 13 50 0
53 13 50 0
54 13 50 0
55 13 50 0
56 13 50 0
57 13 50 1
44 14 50 1
45 14 50 0
46 14 50 0
47 14 50 0
48 14 50 0
49 14 50 0
50 14 50 0
51 14 50 0
52 14 50 0
53 14 50 0
54 14 50 0
55 14 50 0
56 14 50 0
57 14 50 0
58 14 50 1
44 15 50 1
45 15 50 0
46 15 50 0
47 15 50 0
48 15 50 0
49 15 50 0
50 15 50 0
51 15 50 0
52 15 50 0
53 15 50 0
54 15 50 0
55 15 50 0
56 15 50 0
57 15 50 0
58 15 50 1
43 16 50 1
44 16 50 0
45 16 50 0
46 16 50 0
47 16 50 0
48 16 50 0
49 16 50 0
50 16 50 0
51 16 50 0
52 16 50 0
53 16 50 0
54 16 50 0
55 16 50 0
56 16 50 0
57 16 50 0
58 16 50 1
59 16 50 1
43 17 50 1
44 17 50 1
45 17 50 1
46 17 50 0
47 17 50 0
48 17 50 0
49 17 50 0
50 17 50 0
51 17 50 0
52 17 50 0
53 17 50 0
54 17 50 0
55 17 50 0
56 17 50 0
57 17 50 1
58 17 50 1
46 18 50 1
47 18 50 1
48 18 50 1
49 18 50 1
50 18 50 1
51 18 50 0
52 18 50 0
53 18 50 0
54 18 50 0
55 18 50 0
56 18 50 0
51 19 50 1
52 19 50 1
53 19 50 1
54 19 50 1
55 19 50 1
56 19 50 1
57 19 50 1
58 19 50 1
59 19 50 1
60 19 50 1
61 19 50 1
62 19 50 1
63 19 50 1
64 19 50 1
