58 0 50 1
59 0 50 0
60 0 50 0
61 0 50 0
62 0 50 0
63 0 51 0
64 0 51 0
65 0 50 0
66 0 50 0
67 0 50 0
68 0 50 0
69 0 50 0
70 0 50 0
71 0 50 0
72 0 50 0
73 0 50 0
74 0 50 1
58 1 50 1
59 1 50 0
60 1 50 0
61 1 50 0
62 1 50 0
63 1 51 0
64 1 51 0
65 1 50 0
66 1 50 0
67 1 50 0
68 1 50 0
69 1 50 0
70 1 50 0
71 1 50 0
72 1 50 0
73 1 50 0
74 1 50 1
58 2 50 1
59 2 50 0
60 2 50 0
61 2 50 0
62 2 50 0
63 2 51 0
64 2 51 0
65 2 50 0
66 2 50 0
67 2 50 0
68 2 50 0
69 2 50 0
70 2 50 0
71 2 50 0
72 2 50 0
73 2 50 0
74 2 50 1
57 3 50 1
58 3 50 1
59 3 50 0
60 3 50 0
61 3 50 0
62 3 50 0
63 3 51 0
64 3 51 0
65 3 50 0
66 3 50 0
67 3 50 0
68 3 50 0
69 3 50 0
70 3 50 0
71 3 50 0
72 3 50 0
73 3 50 0
74 3 50 1
58 4 50 1
59 4 50 0
60 4 50 0
61 4 50 0
62 4 50 0
63 4 50 0
64 4 51 0
65 4 50 0
66 4 50 0
67 4 50 0
68 4 50 0
69 4 50 0
70 4 50 0
71 4 50 0
72 4 50 0
73 4 50 1
58 5 50 1
59 5 50 0
60 5 50 0
61 5 50 0
62 5 50 0
63 5 50 0
64 5 50 0
65 5 50 0
66 5 50 0
67 5 50 0
68 5 50 0
69 5 50 0
70 5 50 0
71 5 50 0
72 5 50 0
73 5 50 1
58 6 50 1
59 6 50 0
60 6 50 0
61 6 50 0
62 6 50 0
63 6 50 0
64 6 50 0
65 6 50 0
66 6 50 0
67 6 50 0
68 6 50 0
69 6 50 0
70 6 50 0
71 6 50 0
72 6 50 0
58 7 50 1
59 7 50 0
60 7 50 0
61 7 50 0
62 7 50 0
63 7 50 0
64 7 50 0
65 7 50 0
66 7 50 0
67 7 50 0
68 7 50 0
69 7 50 0
70 7 50 0
71 7 50 0
72 7 50 0
73 7 50 1
58 8 50 1
59 8 50 0
60 8 50 0
61 8 50 0
62 8 50 0
63 8 50 0
64 8 50 0
65 8 50 0
66 8 50 0
67 8 50 0
68 8 50 0
69 8 50 0
70 8 50 0
71 8 50 0
72 8 50 0
73 8 50 1
58 9 50 1
59 9 50 0
60 9 50 0
61 9 50 0
62 9 50 0
63 9 50 0
64 9 50 0
65 9 50 0
66 9 50 0
67 9 50 0
68 9 50 0
69 9 50 0
70 9 50 0
71 9 50 0
72 9 50 0
73 9 50 1
58 10 50 1
59 10 50 0
60 10 50 0
61 10 50 0
62 10 50 0
63 10 50 0
64 10 50 0
65 10 50 0
66 10 50 0
67 10 50 0
68 10 50 0
69 10 50 0
70 10 50 0
71 10 50 0
72 10 50 0
73 10 50 1
58 11 50 1
59 11 50 0
60 11 50 0
61 11 50 0
62 11 51 0
63 11 51 0
64 11 51 0
65 11 50 0
66 11 50 0
67 11 50 0
68 11 50 0
69 11 50 0
70 11 50 0
71 11 50 0
72 11 50 0
73 11 50 1
58 12 50 1
59 12 50 0
60 12 50 0
61 12 50 0
62 12 51 0
63 12 51 0
64 12 51 0
65 12 50 0
66 12 50 0
67 12 50 0
68 12 50 0
69 12 50 0
70 12 50 0
71 12 50 0
72 12 50 1
58 13 50 1
59 13 50 0
60 13 50 0
61 13 50 0
62 13 51 0
63 13 51 0
64 13 51 0
65 13 50 0
66 13 50 0
67 13 50 0
68 13 50 0
69 13 50 0
70 13 50 0
71 13 50 0
72 13 50 1
59 14 50 1
60 14 50 0
61 14 50 0
62 14 51 0
63 14 51 0
64 14 51 0
65 14 50 0
66 14 50 0
67 14 50 0
68 14 50 0
69 14 50 0
70 14 50 0
71 14 50 0
72 14 50 1
59 15 50 1
60 15 50 0
61 15 50 0
62 15 50 0
63 15 50 0
64 15 50 0
65 15 50 0
66 15 50 0
67 15 50 0
68 15 50 0
69 15 50 0
70 15 50 0
71 15 50 0
72 15 50 1
60 16 50 0
61 16 50 0
62 16 51 0
63 16 51 0
64 16 51 0
65 16 50 0
66 16 50 0
67 16 50 0
68 16 50 0
69 16 50 0
70 16 50 0
71 16 50 0
72 16 50 1
59 17 50 1
60 17 50 0
61 17 50 0
62 17 51 0
63 17 51 0
64 17 51 0
65 17 50 0
66 17 50 0
67 17 50 0
68 17 50 0
69 17 50 0
70 17 50 0
71 17 50 0
72 17 50 0
73 17 50 1
57 18 50 1
58 18 50 1
59 18 50 1
60 18 50 1
61 18 50 1
62 18 50 1
63 18 50 1
64 18 50 1
65 18 50 1
66 18 50 1
67 18 50 1
68 18 50 1
69 18 50 1
70 18 50 1
71 18 50 1
72 18 50 1
73 18 50 1
65 19 50 1
