75 0 50 1
76 0 50 0
77 0 50 0
78 0 50 0
79 0 50 0
80 0 50 0
81 0 50 0
82 0 50 0
83 0 50 0
84 0 50 0
85 0 50 0
86 0 50 0
87 0 50 1
75 1 50 1
76 1 50 0
77 1 50 0
78 1 50 0
79 1 50 0
80 1 50 0
81 1 50 0
82 1 50 0
83 1 50 0
84 1 50 0
85 1 50 0
86 1 50 0
87 1 50 1
75 2 50 1
76 2 50 0
77 2 50 0
78 2 50 0
79 2 50 0
80 2 50 0
81 2 50 0
82 2 50 0
83 2 50 0
84 2 50 0
85 2 50 0
86 2 50 0
87 2 50 1
75 3 50 1
76 3 50 0
77 3 50 0
78 3 50 0
79 3 50 0
80 3 50 0
81 3 50 0
82 3 50 0
83 3 50 0
84 3 50 0
85 3 50 0
86 3 50 0
87 3 50 1
74 4 50 1
75 4 50 0
76 4 50 0
77 4 50 0
78 4 50 0
79 4 50 0
80 4 50 0
81 4 50 0
82 4 50 0
83 4 50 0
84 4 50 0
85 4 50 0
86 4 50 0
87 4 50 1
74 5 50 1
75 5 50 0
76 5 50 0
77 5 50 0
78 5 50 0
79 5 50 0
80 5 50 0
81 5 50 0
82 5 50 0
83 5 50 0
84 5 50 0
85 5 50 0
86 5 50 0
87 5 50 1
73 6 50 1
74 6 50 1
75 6 50 0
76 6 50 0
77 6 50 0
78 6 50 0
79 6 50 0
80 6 50 0
81 6 50 0
82 6 50 0
83 6 50 0
84 6 50 0
85 6 50 0
86 6 50 0
87 6 50 1
74 7 50 1
75 7 50 0
76 7 50 0
77 7 50 0
78 7 50 0
79 7 50 0
80 7 50 0
81 7 50 0
82 7 50 0
83 7 50 0
84 7 50 0
85 7 50 0
86 7 50 0
87 7 50 1
74 8 50 1
75 8 50 0
76 8 50 0
77 8 50 0
78 8 50 0
79 8 50 0
80 8 50 0
81 8 50 0
82 8 50 0
83 8 50 0
84 8 50 0
85 8 50 0
86 8 50 0
87 8 50 1
74 9 50 1
75 9 50 0
76 9 50 0
77 9 50 0
78 9 50 0
79 9 50 0
80 9 50 0
81 9 50 0
82 9 50 0
83 9 50 0
84 9 50 0
85 9 50 0
86 9 50 0
87 9 50 1
74 10 50 1
75 10 50 0
76 10 50 0
77 10 50 0
78 10 50 0
79 10 50 0
80 10 50 0
81 10 50 0
82 10 50 0
83 10 50 0
84 10 50 0
85 10 50 0
86 10 50 0
87 10 50 1
74 11 50 1
75 11 50 0
76 11 50 0
77 11 50 0
78 11 50 0
79 11 50 0
80 11 50 0
81 11 50 0
82 11 50 0
83 11 50 0
84 11 50 0
85 11 50 0
86 11 50 0
87 11 50 0
88 11 50 1
73 12 50 1
74 12 50 0
75 12 50 0
76 12 50 0
77 12 50 0
78 12 50 0
79 12 50 0
80 12 50 0
81 12 50 0
82 12 50 0
83 12 50 0
84 12 50 0
85 12 50 0
86 12 50 0
87 12 50 0
88 12 50 1
73 13 50 1
74 13 50 0
75 13 50 0
76 13 50 0
77 13 50 0
78 13 50 0
79 13 50 0
80 13 50 0
81 13 50 0
82 13 50 0
83 13 50 0
84 13 50 0
85 13 50 0
86 13 50 0
87 13 50 0
88 13 50 1
73 14 50 1
74 14 50 0
75 14 50 0
76 14 50 0
77 14 50 0
78 14 50 0
79 14 50 0
80 14 50 0
81 14 50 0
82 14 50 0
83 14 50 0
84 14 50 0
85 14 50 0
86 14 50 0
87 14 50 0
88 14 50 1
73 15 50 1
74 15 50 0
75 15 50 0
76 15 50 0
77 15 50 0
78 15 50 0
79 15 50 0
80 15 50 0
81 15 50 0
82 15 50 0
83 15 50 0
84 15 50 0
85 15 50 0
86 15 50 0
87 15 50 0
88 15 50 1
73 16 50 1
74 16 50 0
75 16 50 0
76 16 50 0
77 16 50 0
78 16 50 0
79 16 50 0
80 16 50 0
81 16 50 0
82 16 50 0
83 16 50 0
84 16 50 0
85 16 50 0
86 16 50 0
87 16 50 0
88 16 50 1
74 17 50 1
75 17 50 0
76 17 50 0
77 17 50 0
78 17 50 0
79 17 50 0
80 17 50 0
81 17 50 0
82 17 50 0
83 17 50 0
84 17 50 0
85 17 50 0
86 17 50 0
87 17 50 1
74 18 50 1
75 18 50 0
76 18 50 0
77 18 50 0
78 18 50 0
79 18 50 0
80 18 50 0
81 18 50 0
82 18 50 0
83 18 50 0
84 18 50 0
85 18 50 0
86 18 50 0
66 19 50 1
67 19 50 1
68 19 50 1
69 19 50 1
70 19 50 1
71 19 50 1
72 19 50 1
73 19 50 1
74 19 50 1
75 19 50 0
76 19 50 0
77 19 50 0
78 19 50 0
79 19 50 0
80 19 50 0
81 19 50 0
82 19 50 0
83 19 50 0
84 19 50 0
85 19 50 0
86 19 50 0
87 19 50 1
88 19 50 1
89 19 50 1
75 20 50 1
76 20 50 1
77 20 50 1
78 20 50 1
79 20 50 1
80 20 50 1
81 20 50 1
82 20 50 1
83 20 50 1
84 20 50 1
85 20 50 1
86 20 50 1
87 20 50 1
88 20 50 1
89 20 50 1
90 20 50 1
91 20 50 1
92 20 50 1
93 20 50 1
94 20 50 1
95 20 50 1
