88 0 50 1
89 0 50 0
90 0 50 0
91 0 50 0
92 0 50 0
93 0 50 0
94 0 50 0
95 0 50 0
96 0 50 0
97 0 50 0
98 0 50 0
99 0 50 0
100 0 50 0
101 0 51 0
102 0 51 1
88 1 50 1
89 1 50 0
90 1 50 0
91 1 50 0
92 1 50 0
93 1 50 0
94 1 50 0
95 1 50 0
96 1 50 0
97 1 50 0
98 1 51 0
99 1 51 0
100 1 51 0
101 1 51 0
102 1 51 1
88 2 50 1
89 2 50 0
90 2 50 0
91 2 50 0
92 2 50 0
93 2 50 0
94 2 50 0
95 2 50 0
96 2 50 0
97 2 50 0
98 2 51 0
99 2 51 0
100 2 51 0
101 2 51 0
102 2 51 1
103 2 51 1
88 3 50 1
89 3 50 0
90 3 50 0
91 3 50 0
92 3 50 0
93 3 50 0
94 3 50 0
95 3 50 0
96 3 50 0
97 3 50 0
98 3 51 0
99 3 51 0
100 3 51 0
101 3 51 0
102 3 51 1
88 4 50 1
89 4 50 0
90 4 50 0
91 4 50 0
92 4 50 0
93 4 50 0
94 4 50 0
95 4 50 0
96 4 51 0
97 4 51 0
98 4 51 0
99 4 51 0
100 4 51 0
101 4 51 0
102 4 51 1
88 5 50 1
89 5 50 0
90 5 50 0
91 5 50 0
92 5 50 0
93 5 50 0
94 5 50 0
95 5 51 0
96 5 51 0
97 5 51 0
98 5 51 0
99 5 51 0
100 5 51 0
101 5 51 0
102 5 51 1
88 6 50 1
89 6 50 0
90 6 50 0
91 6 50 0
92 6 50 0
93 6 51 0
94 6 51 0
95 6 51 0
96 6 51 0
97 6 51 0
98 6 51 0
99 6 51 0
100 6 51 0
101 6 51 0
102 6 50 1
88 7 50 1
89 7 50 0
90 7 50 0
91 7 50 0
92 7 50 0
93 7 50 0
94 7 50 0
95 7 51 0
96 7 51 0
97 7 51 0
98 7 51 0
99 7 51 0
100 7 51 0
101 7 50 0
102 7 50 0
103 7 50 1
88 8 50 1
89 8 50 0
90 8 50 0
91 8 50 0
92 8 50 0
93 8 50 0
94 8 50 0
95 8 51 0
96 8 51 0
97 8 51 0
98 8 51 0
99 8 51 0
100 8 51 0
101 8 50 0
102 8 50 0
103 8 50 1
88 9 50 1
89 9 50 0
90 9 50 0
91 9 50 0
92 9 50 0
93 9 50 0
94 9 50 0
95 9 50 0
96 9 50 0
97 9 50 0
98 9 50 0
99 9 51 0
100 9 51 0
101 9 51 0
102 9 50 0
103 9 50 1
88 10 50 1
89 10 50 0
90 10 50 0
91 10 50 0
92 10 50 0
93 10 50 0
94 10 50 0
95 10 50 0
96 10 50 0
97 10 50 0
98 10 50 0
99 10 50 0
100 10 51 0
101 10 50 0
102 10 50 1
89 11 50 1
90 11 50 0
91 11 50 0
92 11 50 0
93 11 50 0
94 11 50 0
95 11 50 0
96 11 50 0
97 11 50 0
98 11 50 0
99 11 50 0
100 11 51 0
101 11 50 0
102 11 50 1
89 12 50 1
90 12 50 0
91 12 50 0
92 12 50 0
93 12 50 0
94 12 50 0
95 12 50 0
96 12 50 0
97 12 50 0
98 12 50 0
99 12 50 0
100 12 50 0
101 12 50 0
102 12 50 1
89 13 50 1
90 13 50 0
91 13 50 0
92 13 50 0
93 13 50 0
94 13 50 0
95 13 50 0
96 13 50 0
97 13 50 0
98 13 50 0
99 13 50 0
100 13 50 0
101 13 50 0
102 13 50 0
103 13 50 1
89 14 50 1
90 14 50 0
91 14 50 0
92 14 50 0
93 14 50 0
94 14 50 0
95 14 50 0
96 14 50 0
97 14 50 0
98 14 50 0
99 14 50 0
100 14 50 0
101 14 50 0
102 14 50 0
103 14 50 1
89 15 50 1
90 15 50 0
91 15 50 0
92 15 50 0
93 15 50 0
94 15 50 0
95 15 50 0
96 15 50 0
97 15 50 0
98 15 50 0
99 15 50 0
100 15 50 0
101 15 50 0
102 15 50 0
103 15 50 1
89 16 50 1
90 16 50 0
91 16 50 0
92 16 50 0
93 16 50 0
94 16 50 0
95 16 50 0
96 16 50 0
97 16 50 0
98 16 50 0
99 16 50 0
100 16 50 0
101 16 50 0
102 16 50 0
103 16 50 1
88 17 50 1
89 17 50 0
90 17 50 0
91 17 50 0
92 17 50 0
93 17 50 0
94 17 50 0
95 17 50 0
96 17 50 0
97 17 50 0
98 17 50 0
99 17 50 0
100 17 50 0
101 17 50 0
102 17 50 0
103 17 50 1
104 17 50 1
87 18 50 1
88 18 50 1
89 18 50 1
90 18 50 0
91 18 50 0
92 18 50 0
93 18 50 0
94 18 50 0
95 18 50 1
96 18 50 1
97 18 50 1
98 18 50 1
99 18 50 1
100 18 50 1
101 18 50 1
102 18 50 1
90 19 50 1
91 19 50 1
92 19 50 1
93 19 50 1
94 19 50 1
