103 0 50 1
104 0 50 0
105 0 50 0
106 0 50 0
107 0 50 0
108 0 50 0
109 0 50 0
110 0 50 0
111 0 51 0
112 0 51 0
113 0 51 0
114 0 51 0
115 0 51 0
116 0 51 0
117 0 51 0
103 1 51 1
104 1 50 0
105 1 50 0
106 1 50 0
107 1 50 0
108 1 50 0
109 1 50 0
110 1 51 0
111 1 51 0
112 1 51 0
113 1 51 0
114 1 51 0
115 1 51 0
116 1 51 0
117 1 51 0
104 2 50 0
105 2 50 0
106 2 50 0
107 2 50 0
108 2 50 0
109 2 50 0
110 2 50 0
111 2 51 0
112 2 51 0
113 2 51 0
114 2 51 0
115 2 51 0
116 2 51 0
117 2 50 0
103 3 51 1
104 3 50 0
105 3 50 0
106 3 50 0
107 3 50 0
108 3 50 0
109 3 50 0
110 3 50 0
111 3 50 0
112 3 51 0
113 3 51 0
114 3 51 0
115 3 51 0
116 3 51 0
117 3 50 0
103 4 51 1
104 4 50 0
105 4 50 0
106 4 50 0
107 4 50 0
108 4 50 0
109 4 50 0
110 4 50 0
111 4 50 0
112 4 50 0
113 4 51 0
114 4 51 0
115 4 51 0
116 4 50 0
117 4 50 0
103 5 51 1
104 5 50 0
105 5 50 0
106 5 50 0
107 5 50 0
108 5 50 0
109 5 50 0
110 5 50 0
111 5 50 0
112 5 50 0
113 5 51 0
114 5 51 0
115 5 50 0
116 5 50 0
117 5 50 0
103 6 50 1
104 6 50 0
105 6 50 0
106 6 50 0
107 6 50 0
108 6 50 0
109 6 50 0
110 6 50 0
111 6 50 0
112 6 50 0
113 6 51 0
114 6 51 0
115 6 50 0
116 6 50 0
117 6 50 0
104 7 50 1
105 7 50 0
106 7 50 0
107 7 50 0
108 7 50 0
109 7 50 0
110 7 50 0
111 7 50 0
112 7 50 0
113 7 50 0
114 7 51 0
115 7 50 0
116 7 50 0
117 7 50 0
104 8 50 1
105 8 50 0
106 8 50 0
107 8 50 0
108 8 50 0
109 8 50 0
110 8 50 0
111 8 50 0
112 8 50 0
113 8 50 0
114 8 50 0
115 8 50 0
116 8 50 0
117 8 50 0
104 9 50 1
105 9 50 0
106 9 50 0
107 9 50 0
108 9 50 0
109 9 50 0
110 9 50 0
111 9 50 0
112 9 50 0
113 9 50 0
114 9 50 0
115 9 50 0
116 9 50 0
117 9 50 0
103 10 50 1
104 10 50 0
105 10 50 0
106 10 50 0
107 10 50 0
108 10 50 0
109 10 50 0
110 10 50 0
111 10 50 0
112 10 50 0
113 10 50 0
114 10 50 0
115 10 50 0
116 10 50 0
117 10 50 0
103 11 50 1
104 11 50 0
105 11 50 0
106 11 50 0
107 11 50 0
108 11 50 0
109 11 50 0
110 11 50 0
111 11 50 0
112 11 50 0
113 11 50 0
114 11 50 0
115 11 50 0
116 11 50 0
117 11 50 0
103 12 50 1
104 12 50 0
105 12 50 0
106 12 50 0
107 12 50 0
108 12 50 0
109 12 50 0
110 12 50 0
111 12 50 0
112 12 50 0
113 12 50 0
114 12 50 0
115 12 50 0
116 12 50 0
117 12 50 0
104 13 50 1
105 13 50 0
106 13 50 0
107 13 50 0
108 13 50 0
109 13 50 0
110 13 50 0
111 13 50 0
112 13 50 0
113 13 50 0
114 13 50 0
115 13 50 0
116 13 50 0
117 13 50 0
104 14 50 1
105 14 50 0
106 14 50 0
107 14 50 0
108 14 50 0
109 14 50 0
110 14 50 0
111 14 50 0
112 14 50 0
113 14 50 0
114 14 50 0
115 14 50 0
116 14 50 0
117 14 50 0
104 15 50 1
105 15 50 0
106 15 50 0
107 15 50 0
108 15 50 0
109 15 50 0
110 15 50 0
111 15 50 0
112 15 50 0
113 15 50 0
114 15 50 0
115 15 50 0
116 15 50 0
117 15 50 0
104 16 50 1
105 16 50 0
106 16 50 0
107 16 50 0
108 16 50 0
109 16 50 0
110 16 50 0
111 16 50 0
112 16 50 0
113 16 50 0
114 16 50 0
115 16 50 0
116 16 50 0
117 16 50 0
105 17 50 0
106 17 50 0
107 17 50 0
108 17 50 0
109 17 50 0
110 17 50 0
111 17 50 0
112 17 50 0
113 17 50 0
114 17 50 0
115 17 50 0
116 17 50 0
117 17 50 0
103 18 50 1
104 18 50 1
105 18 50 0
106 18 50 0
107 18 50 0
108 18 50 0
109 18 50 0
110 18 50 0
111 18 50 0
112 18 50 0
113 18 50 0
114 18 50 0
115 18 50 0
116 18 50 0
117 18 50 0
95 19 50 1
96 19 50 1
97 19 50 1
98 19 50 1
99 19 50 1
100 19 50 1
101 19 50 1
102 19 50 1
103 19 50 0
104 19 50 0
105 19 50 0
106 19 50 0
107 19 50 0
108 19 50 0
109 19 50 0
110 19 50 0
111 19 50 0
112 19 50 0
113 19 50 0
114 19 50 0
115 19 50 0
116 19 50 0
117 19 50 0
96 20 50 1
97 20 50 1
98 20 50 1
99 20 50 1
100 20 50 1
101 20 50 1
102 20 50 1
103 20 50 1
104 20 50 1
105 20 50 1
106 20 50 1
107 20 50 1
108 20 50 1
109 20 50 1
110 20 50 1
111 20 50 1
112 20 50 1
113 20 50 1
114 20 50 1
115 20 50 1
116 20 50 1
117 20 50 1
