32 12 50 1
29 13 50 1
30 13 50 1
31 13 50 1
32 13 50 1
33 13 50 1
28 14 50 1
29 14 50 0
30 14 50 0
31 14 50 0
32 14 50 0
33 14 50 0
34 14 50 1
35 14 50 1
36 14 50 1
26 15 50 1
27 15 50 1
28 15 50 0
29 15 50 0
30 15 50 0
31 15 50 0
32 15 50 0
33 15 50 0
34 15 50 0
35 15 50 0
36 15 50 0
37 15 50 1
38 15 50 1
26 16 50 1
27 16 50 0
28 16 50 0
29 16 50 0
30 16 50 0
31 16 50 0
32 16 50 0
33 16 50 0
34 16 50 0
35 16 50 0
36 16 50 0
37 16 50 0
38 16 50 0
39 16 50 1
40 16 50 1
41 16 50 1
25 17 50 1
26 17 50 0
27 17 50 0
28 17 50 0
29 17 50 0
30 17 50 0
31 17 50 0
32 17 50 0
33 17 50 0
34 17 50 0
35 17 50 0
36 17 50 0
37 17 50 0
38 17 50 0
39 17 50 0
40 17 50 0
41 17 50 0
42 17 50 1
25 18 50 1
26 18 50 0
27 18 50 0
28 18 50 0
29 18 50 0
30 18 50 0
31 18 50 0
32 18 50 0
33 18 50 0
34 18 50 0
35 18 50 0
36 18 50 0
37 18 50 0
38 18 50 0
39 18 50 0
40 18 50 0
41 18 50 0
42 18 50 0
43 18 50 1
44 18 50 1
45 18 50 1
25 19 50 1
26 19 50 0
27 19 50 0
28 19 50 0
29 19 50 0
30 19 50 0
31 19 50 0
32 19 50 0
33 19 50 0
34 19 50 0
35 19 50 0
36 19 50 0
37 19 50 0
38 19 50 0
39 19 50 0
40 19 50 0
41 19 50 0
42 19 50 0
43 19 50 0
44 19 50 0
45 19 50 0
46 19 50 1
47 19 50 1
48 19 50 1
49 19 50 1
50 19 50 1
26 20 50 1
27 20 50 0
28 20 50 0
29 20 50 0
30 20 50 0
31 20 50 0
32 20 50 0
33 20 50 0
34 20 50 0
35 20 50 0
36 20 50 0
37 20 50 0
38 20 50 0
39 20 50 1
40 20 50 1
41 20 50 1
42 20 50 1
43 20 50 1
44 20 50 1
45 20 50 1
46 20 50 1
47 20 50 1
48 20 50 1
49 20 50 1
50 20 50 1
51 20 50 1
52 20 50 1
53 20 50 1
54 20 50 1
55 20 50 1
56 20 50 1
57 20 50 1
58 20 50 1
59 20 50 1
60 20 50 1
61 20 50 1
62 20 50 1
63 20 50 1
64 20 50 1
65 20 50 1
66 20 50 1
67 20 50 1
68 20 50 1
69 20 50 1
70 20 50 1
71 20 50 1
72 20 50 1
73 20 50 1
74 20 50 1
26 21 50 1
27 21 50 0
28 21 50 0
29 21 50 0
30 21 50 0
31 21 50 0
32 21 50 0
33 21 50 0
34 21 50 0
35 21 50 0
36 21 50 1
37 21 50 1
38 21 50 1
26 22 50 1
27 22 50 0
28 22 50 0
29 22 50 0
30 22 50 0
31 22 50 0
32 22 50 0
33 22 50 0
34 22 50 0
35 22 50 1
38 22 50 1
26 23 50 1
27 23 50 0
28 23 50 0
29 23 50 0
30 23 50 0
31 23 50 0
32 23 50 0
33 23 50 0
34 23 50 0
35 23 50 1
38 23 50 1
26 24 50 1
27 24 50 0
28 24 50 0
29 24 50 0
30 24 50 0
31 24 50 0
32 24 50 0
33 24 50 0
34 24 50 0
35 24 50 1
38 24 50 1
27 25 50 0
28 25 50 0
29 25 50 0
30 25 50 0
31 25 50 0
32 25 50 0
33 25 50 0
34 25 50 0
35 25 50 1
38 25 39 1
26 26 50 1
27 26 50 0
28 26 50 0
29 26 50 0
30 26 50 0
31 26 50 0
32 26 50 0
33 26 50 0
34 26 50 0
35 26 50 1
38 26 27 1
26 27 50 1
27 27 50 1
28 27 50 0
29 27 50 0
30 27 50 0
31 27 50 0
32 27 50 0
33 27 50 0
34 27 50 0
35 27 50 1
38 27 27 1
28 28 50 1
29 28 50 1
30 28 50 1
31 28 50 0
32 28 50 0
33 28 50 0
34 28 50 0
35 28 49 1
38 28 27 1
31 29 50 1
32 29 50 1
33 29 50 0
34 29 50 0
35 29 50 1
38 29 27 1
33 30 50 1
34 30 50 1
35 30 50 1
38 30 27 1
34 31 50 1
38 31 27 1
34 32 50 1
38 32 27 1
38 33 27 1
38 34 27 1
38 35 32 1
