0 13 50 1
1 13 50 1
2 13 50 1
3 13 50 1
0 14 50 0
1 14 50 0
2 14 50 0
3 14 50 0
4 14 50 1
5 14 50 1
0 15 50 0
1 15 50 0
2 15 50 0
3 15 50 0
4 15 50 0
5 15 50 0
6 15 50 1
7 15 50 1
8 15 50 1
9 15 50 1
10 15 50 1
0 16 50 0
1 16 50 0
2 16 50 0
3 16 50 0
4 16 50 0
5 16 50 0
6 16 50 0
7 16 50 0
8 16 50 0
9 16 50 0
10 16 50 0
11 16 50 1
0 17 50 0
1 17 50 0
2 17 50 0
3 17 50 0
4 17 50 0
5 17 50 0
6 17 50 0
7 17 50 0
8 17 50 0
9 17 50 0
10 17 50 0
11 17 50 1
0 18 50 0
1 18 50 0
2 18 50 0
3 18 50 0
4 18 50 0
5 18 50 0
6 18 50 0
7 18 50 0
8 18 50 0
9 18 50 0
10 18 50 0
11 18 50 1
0 19 50 0
1 19 50 0
2 19 50 0
3 19 50 0
4 19 50 0
5 19 50 0
6 19 50 0
7 19 50 0
8 19 50 0
9 19 50 0
10 19 50 0
11 19 50 0
12 19 50 1
0 20 50 0
1 20 50 0
2 20 50 0
3 20 50 0
4 20 50 0
5 20 50 0
6 20 50 0
7 20 50 0
8 20 50 0
9 20 50 0
10 20 50 0
11 20 50 0
12 20 50 1
0 21 50 0
1 21 50 0
2 21 50 0
3 21 50 0
4 21 50 0
5 21 50 0
6 21 50 0
7 21 50 0
8 21 50 0
9 21 50 0
10 21 50 0
11 21 50 0
12 21 50 1
0 22 50 0
1 22 50 0
2 22 50 0
3 22 50 0
4 22 50 0
5 22 50 0
6 22 50 0
7 22 50 0
8 22 50 0
9 22 50 0
10 22 50 0
11 22 50 0
12 22 50 1
0 23 50 0
1 23 50 0
2 23 50 0
3 23 50 0
4 23 50 0
5 23 50 0
6 23 50 0
7 23 50 0
8 23 50 0
9 23 50 0
10 23 50 0
11 23 50 0
12 23 50 1
0 24 50 0
1 24 50 0
2 24 50 0
3 24 50 0
4 24 50 0
5 24 50 0
6 24 50 0
7 24 50 0
8 24 50 0
9 24 50 0
10 24 50 0
11 24 50 0
12 24 50 1
0 25 50 0
1 25 50 0
2 25 50 0
3 25 50 0
4 25 50 0
5 25 50 0
6 25 50 0
7 25 50 0
8 25 50 0
9 25 50 0
10 25 50 0
11 25 50 0
12 25 50 1
0 26 50 0
1 26 50 0
2 26 50 0
3 26 50 0
4 26 50 0
5 26 50 0
6 26 50 0
7 26 50 0
8 26 50 0
9 26 50 0
10 26 50 0
11 26 50 0
12 26 50 1
0 27 50 0
1 27 50 0
2 27 50 0
3 27 50 0
4 27 50 0
5 27 50 0
6 27 50 0
7 27 50 0
8 27 50 0
9 27 50 0
10 27 50 0
11 27 50 0
12 27 50 1
0 28 50 0
1 28 50 0
2 28 50 0
3 28 50 0
4 28 50 0
5 28 50 0
6 28 50 1
7 28 50 1
8 28 50 1
9 28 50 1
10 28 50 1
11 28 50 1
12 28 50 1
0 29 50 1
1 29 50 1
2 29 50 1
3 29 50 1
4 29 50 1
5 29 50 1
12 29 50 1
