15 13 50 1
16 13 50 1
17 13 50 1
14 14 50 1
15 14 50 0
16 14 50 0
17 14 50 0
18 14 50 1
19 14 50 1
20 14 50 1
21 14 50 1
13 15 50 1
14 15 50 0
15 15 50 0
16 15 50 0
17 15 50 0
18 15 50 0
19 15 50 0
20 15 50 0
21 15 50 0
22 15 50 1
23 15 50 1
24 15 50 1
12 16 50 1
13 16 50 0
14 16 50 0
15 16 50 0
16 16 50 0
17 16 50 0
18 16 50 0
19 16 50 0
20 16 50 0
21 16 50 0
22 16 50 0
23 16 50 0
24 16 50 1
25 16 50 1
12 17 50 1
13 17 50 0
14 17 50 0
15 17 50 0
16 17 50 0
17 17 50 0
18 17 50 0
19 17 50 0
20 17 50 0
21 17 50 0
22 17 50 0
23 17 50 0
24 17 50 1
12 18 50 1
13 18 50 0
14 18 50 0
15 18 50 0
16 18 50 0
17 18 50 0
18 18 50 0
19 18 50 0
20 18 50 0
21 18 50 0
22 18 50 0
23 18 50 0
24 18 50 1
13 19 50 1
14 19 50 0
15 19 50 0
16 19 50 0
17 19 50 0
18 19 50 0
19 19 50 0
20 19 50 0
21 19 50 0
22 19 50 0
23 19 50 0
24 19 50 1
13 20 50 1
14 20 50 0
15 20 50 0
16 20 50 0
17 20 50 0
18 20 50 0
19 20 50 0
20 20 50 0
21 20 50 0
22 20 50 0
23 20 50 0
24 20 50 0
25 20 50 1
13 21 50 1
14 21 50 0
15 21 50 0
16 21 50 0
17 21 50 0
18 21 50 0
19 21 50 0
20 21 50 0
21 21 50 0
22 21 50 0
23 21 50 0
24 21 50 0
25 21 50 1
13 22 50 1
14 22 50 0
15 22 50 0
16 22 50 0
17 22 50 0
18 22 50 0
19 22 50 0
20 22 50 0
21 22 50 0
22 22 50 0
23 22 50 0
24 22 50 0
25 22 50 1
13 23 50 1
14 23 50 0
15 23 50 0
16 23 50 0
17 23 50 0
18 23 50 0
19 23 50 0
20 23 50 0
21 23 50 0
22 23 50 0
23 23 50 0
24 23 50 0
25 23 50 1
13 24 50 1
14 24 50 0
15 24 50 0
16 24 50 0
17 24 50 0
18 24 50 0
19 24 50 0
20 24 50 0
21 24 50 0
22 24 50 0
23 24 50 0
24 24 50 0
25 24 50 1
13 25 50 1
14 25 50 0
15 25 50 0
16 25 50 0
17 25 50 0
18 25 50 0
19 25 50 0
20 25 50 0
21 25 50 0
22 25 50 0
23 25 50 0
24 25 50 0
25 25 50 1
26 25 50 1
13 26 50 1
14 26 50 0
15 26 50 0
16 26 50 0
17 26 50 0
18 26 50 0
19 26 50 0
20 26 50 0
21 26 50 0
22 26 50 0
23 26 50 0
24 26 50 0
25 26 50 1
13 27 50 1
14 27 50 0
15 27 50 0
16 27 50 0
17 27 50 0
18 27 50 0
19 27 50 0
20 27 50 0
21 27 50 0
22 27 50 0
23 27 50 1
24 27 50 1
25 27 50 1
13 28 50 1
14 28 50 0
15 28 50 0
16 28 50 0
17 28 50 0
18 28 50 0
19 28 50 0
20 28 50 0
21 28 50 1
22 28 50 1
13 29 50 1
14 29 50 0
15 29 50 0
16 29 50 0
17 29 50 0
18 29 50 0
19 29 50 1
20 29 50 1
14 30 50 1
15 30 50 1
16 30 50 1
17 30 50 1
18 30 50 1
