39 21 50 1
40 21 50 1
41 21 50 1
42 21 50 1
43 21 50 1
44 21 50 1
45 21 50 1
46 21 50 1
47 21 50 1
48 21 50 1
49 21 50 1
50 21 50 1
51 21 50 1
39 22 50 1
40 22 50 0
41 22 50 0
42 22 50 0
43 22 50 0
44 22 49 0
45 22 49 0
46 22 49 0
47 22 49 0
48 22 50 0
49 22 50 0
50 22 50 0
51 22 50 0
52 22 50 1
53 22 50 1
54 22 50 1
39 23 50 1
40 23 50 0
41 23 50 0
42 23 50 0
43 23 49 0
44 23 49 0
45 23 49 0
46 23 49 0
47 23 49 0
48 23 49 0
49 23 50 0
50 23 50 0
51 23 50 0
52 23 50 0
53 23 50 0
54 23 50 0
55 23 50 1
39 24 45 1
40 24 41 0
41 24 39 0
42 24 37 0
43 24 27 0
44 24 27 0
45 24 27 0
46 24 27 0
47 24 27 0
48 24 27 0
49 24 27 0
50 24 27 0
51 24 27 0
52 24 27 0
53 24 27 0
54 24 27 0
55 24 28 1
39 25 35 1
40 25 27 0
41 25 27 0
42 25 27 0
43 25 27 0
44 25 27 0
45 25 27 0
46 25 27 0
47 25 27 0
48 25 27 0
49 25 27 0
50 25 27 0
51 25 27 0
52 25 27 0
53 25 27 0
54 25 27 0
55 25 27 0
56 25 27 1
39 26 27 1
40 26 27 0
41 26 27 0
42 26 27 0
43 26 27 0
44 26 27 0
45 26 27 0
46 26 27 0
47 26 27 0
48 26 27 0
49 26 27 0
50 26 27 0
51 26 27 0
52 26 27 0
53 26 27 0
54 26 27 0
55 26 27 0
56 26 27 1
39 27 27 1
40 27 27 0
41 27 27 0
42 27 27 0
43 27 27 0
44 27 27 0
45 27 27 0
46 27 27 0
47 27 27 0
48 27 27 0
49 27 27 0
50 27 27 0
51 27 27 0
52 27 27 0
53 27 27 0
54 27 27 0
55 27 27 0
56 27 27 1
39 28 27 1
40 28 27 0
41 28 27 0
42 28 27 0
43 28 27 0
44 28 27 0
45 28 27 0
46 28 27 0
47 28 27 0
48 28 27 0
49 28 27 0
50 28 27 0
51 28 27 0
52 28 27 0
53 28 27 0
54 28 27 0
55 28 27 0
56 28 27 1
39 29 27 1
40 29 27 0
41 29 27 0
42 29 27 0
43 29 27 0
44 29 27 0
45 29 27 0
46 29 27 0
47 29 27 0
48 29 27 0
49 29 27 0
50 29 27 0
51 29 27 0
52 29 27 0
53 29 27 0
54 29 27 0
55 29 27 1
39 30 27 1
40 30 27 0
41 30 27 0
42 30 27 0
43 30 27 0
44 30 27 0
45 30 27 0
46 30 27 0
47 30 27 0
48 30 27 0
49 30 27 0
50 30 27 0
51 30 27 0
52 30 27 0
53 30 27 0
54 30 27 0
55 30 27 1
39 31 27 1
40 31 27 0
41 31 27 0
42 31 27 0
43 31 27 0
44 31 27 0
45 31 27 0
46 31 27 0
47 31 27 0
48 31 27 0
49 31 27 0
50 31 27 0
51 31 27 0
52 31 27 0
53 31 27 0
54 31 27 1
39 32 27 1
40 32 27 0
41 32 27 0
42 32 27 0
43 32 27 0
44 32 27 0
45 32 27 0
46 32 27 0
47 32 27 0
48 32 27 0
49 32 27 0
50 32 27 0
51 32 27 0
52 32 27 0
53 32 27 0
54 32 28 1
39 33 27 1
40 33 27 0
41 33 27 0
42 33 27 0
43 33 27 0
44 33 27 0
45 33 27 0
46 33 27 0
47 33 27 0
48 33 27 0
49 33 27 0
50 33 27 0
51 33 27 0
52 33 27 0
53 33 27 0
54 33 27 1
39 34 27 1
40 34 27 0
41 34 27 0
42 34 27 0
43 34 27 0
44 34 27 0
45 34 27 0
46 34 27 0
47 34 27 0
48 34 27 0
49 34 27 0
50 34 27 0
51 34 27 0
52 34 27 0
53 34 27 1
39 35 27 1
40 35 27 0
41 35 27 0
42 35 27 0
43 35 27 0
44 35 27 0
45 35 27 0
46 35 27 0
47 35 27 0
48 35 27 0
49 35 27 0
50 35 27 0
51 35 27 0
52 35 27 0
53 35 27 1
38 36 34 1
39 36 29 0
40 36 27 0
41 36 27 0
42 36 27 0
43 36 27 0
44 36 27 0
45 36 27 0
46 36 27 0
47 36 27 0
48 36 27 0
49 36 27 0
50 36 27 0
51 36 27 0
52 36 27 0
53 36 27 1
38 37 33 1
39 37 27 1
40 37 27 1
41 37 27 0
42 37 27 0
43 37 27 0
44 37 27 0
45 37 27 0
46 37 27 0
47 37 27 0
48 37 27 0
49 37 27 0
50 37 27 0
51 37 27 0
52 37 27 1
38 38 36 1
41 38 27 1
42 38 27 1
43 38 27 1
44 38 27 1
45 38 27 1
46 38 27 1
47 38 27 1
48 38 27 1
49 38 27 1
50 38 27 1
51 38 27 1
52 38 27 1
