52 21 50 1
53 21 50 1
54 21 50 1
55 21 50 1
56 21 50 1
57 21 50 1
58 21 50 1
59 21 50 1
60 21 50 1
61 21 50 1
62 21 50 1
63 21 50 1
64 21 50 1
65 21 50 1
66 21 50 1
67 21 50 1
68 21 50 1
69 21 50 1
70 21 50 1
71 21 50 1
72 21 50 1
73 21 50 1
74 21 50 1
75 21 50 1
76 21 50 1
77 21 50 1
78 21 50 1
55 22 50 1
56 22 50 0
57 22 50 0
58 22 50 0
59 22 50 0
60 22 50 0
61 22 50 0
62 22 50 0
63 22 50 0
64 22 50 0
65 22 50 0
66 22 50 0
67 22 50 0
68 22 50 0
69 22 50 0
70 22 50 0
71 22 28 0
72 22 28 0
73 22 50 0
74 22 50 0
75 22 50 1
56 23 50 1
57 23 50 0
58 23 50 0
59 23 50 0
60 23 50 0
61 23 51 0
62 23 40 0
63 23 39 0
64 23 39 0
65 23 37 0
66 23 28 0
67 23 28 0
68 23 28 0
69 23 28 0
70 23 27 0
71 23 27 0
72 23 28 0
73 23 28 0
74 23 28 1
56 24 27 1
57 24 27 0
58 24 36 0
59 24 27 0
60 24 27 0
61 24 27 0
62 24 27 0
63 24 27 0
64 24 27 0
65 24 28 0
66 24 27 0
67 24 27 0
68 24 28 0
69 24 27 0
70 24 27 0
71 24 27 0
72 24 28 0
73 24 28 1
57 25 27 1
58 25 27 0
59 25 27 0
60 25 27 0
61 25 27 0
62 25 27 0
63 25 27 0
64 25 27 0
65 25 28 0
66 25 27 0
67 25 27 0
68 25 28 0
69 25 27 0
70 25 27 0
71 25 27 0
72 25 28 0
73 25 28 1
57 26 27 1
58 26 27 1
59 26 27 0
60 26 27 0
61 26 27 0
62 26 27 0
63 26 27 0
64 26 27 0
65 26 27 0
66 26 27 0
67 26 27 0
68 26 27 0
69 26 27 0
70 26 27 0
71 26 27 0
72 26 28 1
59 27 27 1
60 27 27 1
61 27 27 0
62 27 27 0
63 27 27 0
64 27 27 0
65 27 27 0
66 27 27 0
67 27 27 0
68 27 27 0
69 27 27 0
70 27 27 0
71 27 27 0
72 27 28 1
61 28 27 1
62 28 27 1
63 28 27 1
64 28 27 0
65 28 27 0
66 28 27 0
67 28 27 0
68 28 27 0
69 28 27 0
70 28 27 0
71 28 27 0
72 28 28 1
64 29 27 1
65 29 27 1
66 29 27 1
67 29 27 0
68 29 27 0
69 29 27 0
70 29 27 0
71 29 27 1
67 30 27 1
68 30 27 1
69 30 27 1
70 30 27 1
71 30 27 1
