79 21 50 1
80 21 50 1
81 21 50 1
82 21 50 1
83 21 50 1
76 22 50 1
77 22 50 1
78 22 50 1
79 22 50 0
80 22 50 0
81 22 50 0
82 22 50 0
83 22 50 0
84 22 50 1
85 22 50 1
75 23 28 1
76 23 50 0
77 23 50 0
78 23 50 0
79 23 50 0
80 23 40 0
81 23 39 0
82 23 39 0
83 23 37 0
84 23 27 0
85 23 27 0
86 23 28 1
74 24 28 1
75 24 28 0
76 24 28 0
77 24 28 0
78 24 28 0
79 24 27 0
80 24 27 0
81 24 27 0
82 24 27 0
83 24 27 0
84 24 27 0
85 24 27 0
86 24 27 1
74 25 28 1
75 25 28 0
76 25 28 0
77 25 28 0
78 25 28 0
79 25 27 0
80 25 27 0
81 25 28 0
82 25 27 0
83 25 27 0
84 25 27 0
85 25 27 0
86 25 27 0
87 25 27 1
73 26 28 1
74 26 28 0
75 26 28 0
76 26 28 0
77 26 28 0
78 26 28 0
79 26 27 0
80 26 27 0
81 26 28 0
82 26 28 0
83 26 27 0
84 26 27 0
85 26 27 0
86 26 27 0
87 26 27 1
73 27 28 1
74 27 28 0
75 27 28 0
76 27 28 0
77 27 28 0
78 27 27 0
79 27 27 0
80 27 28 0
81 27 28 0
82 27 28 0
83 27 28 0
84 27 28 0
85 27 28 0
86 27 28 0
87 27 27 1
73 28 28 1
74 28 28 0
75 28 28 0
76 28 28 0
77 28 28 0
78 28 27 0
79 28 27 0
80 28 27 0
81 28 28 0
82 28 28 0
83 28 28 0
84 28 28 0
85 28 28 0
86 28 28 0
87 28 27 1
72 29 28 1
73 29 28 0
74 29 28 0
75 29 28 0
76 29 28 0
77 29 28 0
78 29 27 0
79 29 27 0
80 29 27 0
81 29 28 0
82 29 27 0
83 29 27 0
84 29 28 0
85 29 28 0
86 29 27 0
87 29 27 1
72 30 28 1
73 30 28 0
74 30 28 0
75 30 28 0
76 30 28 0
77 30 28 0
78 30 27 0
79 30 27 0
80 30 28 0
81 30 28 0
82 30 27 0
83 30 27 0
84 30 28 0
85 30 28 0
86 30 27 0
87 30 27 1
71 31 27 1
72 31 27 1
73 31 28 0
74 31 28 0
75 31 27 0
76 31 27 0
77 31 27 0
78 31 27 0
79 31 27 0
80 31 27 0
81 31 27 0
82 31 27 0
83 31 27 0
84 31 28 0
85 31 27 0
86 31 27 0
87 31 27 1
72 32 27 1
73 32 27 0
74 32 27 0
75 32 27 0
76 32 27 0
77 32 27 0
78 32 27 0
79 32 27 0
80 32 27 0
81 32 27 0
82 32 27 0
83 32 27 0
84 32 27 0
85 32 27 0
86 32 27 0
87 32 27 0
88 32 27 1
72 33 27 1
73 33 27 0
74 33 27 0
75 33 27 0
76 33 27 0
77 33 27 0
78 33 27 0
79 33 27 0
80 33 27 0
81 33 27 0
82 33 27 0
83 33 27 0
84 33 27 0
85 33 27 0
86 33 27 0
87 33 27 0
88 33 27 1
72 34 27 1
73 34 27 0
74 34 27 0
75 34 27 0
76 34 27 0
77 34 27 0
78 34 27 0
79 34 27 0
80 34 27 0
81 34 27 0
82 34 27 0
83 34 27 0
84 34 27 0
85 34 27 0
86 34 27 0
87 34 27 0
88 34 27 1
72 35 27 1
73 35 27 0
74 35 27 0
75 35 27 0
76 35 27 0
77 35 27 0
78 35 27 0
79 35 27 0
80 35 27 0
81 35 27 0
82 35 27 0
83 35 27 0
84 35 27 0
85 35 27 0
86 35 27 0
87 35 27 0
88 35 27 1
73 36 27 1
74 36 27 0
75 36 27 0
76 36 27 0
77 36 27 0
78 36 27 0
79 36 27 0
80 36 27 0
81 36 27 0
82 36 27 0
83 36 27 0
84 36 27 0
85 36 27 0
86 36 27 0
87 36 27 0
88 36 27 1
73 37 27 1
74 37 27 0
75 37 27 0
76 37 27 0
77 37 27 0
78 37 27 0
79 37 27 0
80 37 27 0
81 37 27 0
82 37 27 0
83 37 27 0
84 37 27 0
85 37 27 0
86 37 27 0
87 37 27 0
88 37 27 1
73 38 27 1
74 38 27 1
75 38 27 1
76 38 27 1
77 38 27 1
78 38 27 1
79 38 27 1
80 38 27 1
81 38 27 1
82 38 27 1
83 38 27 1
84 38 27 1
85 38 27 1
86 38 27 1
87 38 27 1
85 39 27 1
