84 21 50 1
85 21 50 1
86 21 50 1
87 21 50 1
88 21 50 1
89 21 50 1
90 21 50 1
91 21 50 1
92 21 50 1
93 21 50 1
94 21 50 1
95 21 50 1
96 21 50 1
97 21 50 1
98 21 50 1
99 21 50 1
100 21 50 1
101 21 50 1
102 21 50 1
103 21 50 1
86 22 50 1
87 22 50 0
88 22 50 0
89 22 50 0
90 22 50 0
91 22 50 0
92 22 50 0
93 22 50 0
94 22 50 0
95 22 50 0
96 22 50 0
97 22 50 0
98 22 50 0
99 22 50 0
100 22 50 0
101 22 50 0
102 22 50 1
87 23 27 1
88 23 27 0
89 23 28 0
90 23 27 0
91 23 27 0
92 23 50 0
93 23 50 0
94 23 50 0
95 23 50 0
96 23 50 0
97 23 50 0
98 23 50 0
99 23 50 0
100 23 50 0
101 23 50 0
102 23 50 1
87 24 27 1
88 24 27 0
89 24 28 0
90 24 27 0
91 24 27 0
92 24 28 0
93 24 28 0
94 24 28 0
95 24 28 0
96 24 28 0
97 24 28 0
98 24 28 0
99 24 28 0
100 24 28 0
101 24 28 0
102 24 28 1
88 25 27 1
89 25 27 0
90 25 27 0
91 25 27 0
92 25 27 0
93 25 27 0
94 25 28 0
95 25 28 0
96 25 28 0
97 25 28 0
98 25 28 0
99 25 28 0
100 25 28 0
101 25 28 0
102 25 28 1
88 26 27 1
89 26 27 0
90 26 27 0
91 26 27 0
92 26 27 0
93 26 27 0
94 26 28 0
95 26 28 0
96 26 28 0
97 26 28 0
98 26 28 0
99 26 28 0
100 26 28 0
101 26 28 0
102 26 28 1
88 27 27 1
89 27 27 0
90 27 27 0
91 27 27 0
92 27 28 0
93 27 28 0
94 27 28 0
95 27 28 0
96 27 28 0
97 27 28 0
98 27 28 0
99 27 28 0
100 27 28 0
101 27 28 0
102 27 28 1
88 28 27 1
89 28 27 0
90 28 27 0
91 28 27 0
92 28 28 0
93 28 28 0
94 28 28 0
95 28 28 0
96 28 28 0
97 28 28 0
98 28 28 0
99 28 28 0
100 28 28 0
101 28 28 0
102 28 28 1
88 29 27 1
89 29 27 0
90 29 27 0
91 29 27 0
92 29 28 0
93 29 28 0
94 29 28 0
95 29 28 0
96 29 28 0
97 29 28 0
98 29 28 0
99 29 28 0
100 29 28 0
101 29 28 0
102 29 28 1
88 30 27 1
89 30 27 0
90 30 27 0
91 30 27 0
92 30 28 0
93 30 28 0
94 30 28 0
95 30 28 0
96 30 28 0
97 30 28 0
98 30 28 0
99 30 28 0
100 30 28 0
101 30 28 0
102 30 28 1
88 31 27 1
89 31 27 0
90 31 27 0
91 31 27 0
92 31 28 0
93 31 28 0
94 31 28 0
95 31 28 0
96 31 28 0
97 31 28 0
98 31 28 0
99 31 28 0
100 31 28 0
101 31 28 0
102 31 28 1
89 32 27 1
90 32 27 0
91 32 27 0
92 32 28 0
93 32 28 0
94 32 28 0
95 32 28 0
96 32 28 0
97 32 28 0
98 32 28 0
99 32 27 0
100 32 27 0
101 32 28 0
102 32 28 1
89 33 27 1
90 33 27 0
91 33 27 0
92 33 28 0
93 33 28 0
94 33 28 0
95 33 28 0
96 33 28 0
97 33 28 0
98 33 28 0
99 33 27 0
100 33 27 0
101 33 28 0
102 33 28 1
89 34 27 1
90 34 27 0
91 34 28 0
92 34 28 0
93 34 28 0
94 34 28 0
95 34 28 0
96 34 28 0
97 34 28 0
98 34 28 0
99 34 27 0
100 34 27 0
101 34 28 0
102 34 28 1
89 35 27 1
90 35 28 0
91 35 28 0
92 35 28 0
93 35 28 0
94 35 28 0
95 35 27 0
96 35 27 0
97 35 27 0
98 35 28 0
99 35 27 0
100 35 27 0
101 35 28 0
102 35 28 1
89 36 27 1
90 36 28 1
91 36 28 1
92 36 28 1
93 36 28 1
94 36 28 1
95 36 28 1
96 36 28 1
97 36 27 1
98 36 27 1
99 36 28 1
100 36 28 1
101 36 28 1
