104 21 50 1
105 21 50 1
106 21 50 1
107 21 50 1
108 21 50 1
109 21 50 1
110 21 50 1
111 21 50 1
112 21 50 1
113 21 50 1
114 21 50 1
115 21 50 1
116 21 50 1
117 21 50 1
103 22 50 1
104 22 50 0
105 22 50 0
106 22 50 0
107 22 50 0
108 22 50 0
109 22 50 0
110 22 50 0
111 22 50 0
112 22 50 0
113 22 50 0
114 22 50 0
115 22 50 0
116 22 50 0
117 22 50 0
103 23 50 1
104 23 50 0
105 23 50 0
106 23 50 0
107 23 50 0
108 23 50 0
109 23 50 0
110 23 50 0
111 23 50 0
112 23 50 0
113 23 50 0
114 23 50 0
115 23 50 0
116 23 28 0
117 23 28 0
103 24 50 1
104 24 50 0
105 24 50 0
106 24 50 0
107 24 50 0
108 24 50 0
109 24 50 0
110 24 41 0
111 24 39 0
112 24 38 0
113 24 28 0
114 24 28 0
115 24 28 0
116 24 28 0
117 24 28 0
103 25 28 1
104 25 36 0
105 25 28 0
106 25 28 0
107 25 28 0
108 25 28 0
109 25 28 0
110 25 28 0
111 25 28 0
112 25 28 0
113 25 28 0
114 25 28 0
115 25 28 0
116 25 28 0
117 25 28 0
103 26 28 1
104 26 28 0
105 26 28 0
106 26 28 0
107 26 28 0
108 26 28 0
109 26 28 0
110 26 28 0
111 26 28 0
112 26 28 0
113 26 28 0
114 26 28 0
115 26 28 0
116 26 28 0
117 26 28 0
103 27 28 1
104 27 28 0
105 27 28 0
106 27 28 0
107 27 28 0
108 27 28 0
109 27 28 0
110 27 28 0
111 27 28 0
112 27 28 0
113 27 28 0
114 27 28 0
115 27 28 0
116 27 28 0
117 27 28 0
103 28 28 1
104 28 28 0
105 28 28 0
106 28 28 0
107 28 28 0
108 28 28 0
109 28 28 0
110 28 28 0
111 28 28 0
112 28 28 0
113 28 28 0
114 28 28 0
115 28 28 0
116 28 28 0
117 28 28 0
103 29 28 1
104 29 28 0
105 29 28 0
106 29 28 0
107 29 28 0
108 29 28 0
109 29 28 0
110 29 28 0
111 29 28 0
112 29 28 0
113 29 28 0
114 29 28 0
115 29 28 0
116 29 28 0
117 29 28 0
103 30 28 1
104 30 28 0
105 30 28 0
106 30 28 0
107 30 28 0
108 30 28 0
109 30 28 0
110 30 28 0
111 30 28 0
112 30 28 0
113 30 28 0
114 30 28 0
115 30 28 0
116 30 28 0
117 30 28 0
103 31 28 1
104 31 28 0
105 31 28 0
106 31 28 0
107 31 28 0
108 31 28 0
109 31 28 0
110 31 28 0
111 31 28 0
112 31 28 0
113 31 28 0
114 31 28 0
115 31 28 0
116 31 28 0
117 31 28 0
103 32 28 1
104 32 28 0
105 32 28 0
106 32 28 0
107 32 28 0
108 32 28 0
109 32 28 0
110 32 28 0
111 32 28 0
112 32 28 0
113 32 28 0
114 32 28 0
115 32 28 0
116 32 28 0
117 32 28 0
103 33 28 1
104 33 28 0
105 33 28 0
106 33 28 0
107 33 28 0
108 33 28 0
109 33 28 0
110 33 28 0
111 33 28 0
112 33 28 0
113 33 28 0
114 33 28 0
115 33 28 0
116 33 28 0
117 33 28 0
103 34 28 1
104 34 28 0
105 34 28 0
106 34 28 0
107 34 28 0
108 34 28 0
109 34 28 0
110 34 28 0
111 34 28 0
112 34 28 0
113 34 28 0
114 34 28 0
115 34 28 0
116 34 28 0
117 34 28 0
103 35 28 1
104 35 28 0
105 35 28 0
106 35 28 0
107 35 28 0
108 35 28 0
109 35 28 0
110 35 28 0
111 35 28 0
112 35 28 0
113 35 28 0
114 35 28 0
115 35 28 0
116 35 28 0
117 35 28 0
102 36 28 1
103 36 28 1
104 36 28 0
105 36 28 0
106 36 28 0
107 36 28 0
108 36 28 0
109 36 28 0
110 36 28 0
111 36 28 0
112 36 28 0
113 36 28 0
114 36 28 0
115 36 28 0
116 36 28 0
117 36 28 0
103 37 28 1
104 37 28 0
105 37 28 0
106 37 28 0
107 37 28 0
108 37 28 0
109 37 28 0
110 37 28 0
111 37 28 0
112 37 28 0
113 37 28 0
114 37 28 0
115 37 28 0
116 37 28 0
117 37 28 0
104 38 28 1
105 38 28 1
106 38 28 1
107 38 28 1
108 38 28 1
109 38 28 1
110 38 28 1
111 38 28 1
112 38 28 1
113 38 28 1
114 38 28 1
115 38 28 1
116 38 28 1
117 38 28 1
