36 22 50 1
37 22 50 1
36 23 50 1
37 23 50 1
36 24 50 1
37 24 50 1
36 25 50 1
37 25 44 1
36 26 48 1
37 26 39 1
36 27 47 1
37 27 38 1
36 28 49 1
37 28 36 1
36 29 47 1
37 29 36 1
36 30 46 1
37 30 35 1
35 31 49 1
36 31 46 0
37 31 35 1
35 32 50 1
36 32 45 0
37 32 35 1
34 33 50 1
35 33 49 0
36 33 45 0
37 33 36 1
34 34 50 1
35 34 49 0
36 34 48 0
37 34 37 1
34 35 50 1
35 35 49 0
36 35 46 0
37 35 41 1
34 36 50 1
35 36 49 0
36 36 48 0
37 36 42 1
34 37 50 1
35 37 49 0
36 37 47 0
37 37 42 1
34 38 50 1
35 38 49 0
36 38 48 0
37 38 43 1
34 39 50 1
35 39 49 0
36 39 47 0
37 39 43 1
34 40 50 1
35 40 49 0
36 40 49 0
37 40 43 1
34 41 50 1
35 41 50 0
36 41 48 0
37 41 42 1
35 42 49 1
36 42 47 0
37 42 43 1
35 43 49 1
36 43 45 0
37 43 39 1
36 44 46 1
37 44 41 1
36 45 44 1
37 45 40 1
36 46 45 1
36 47 43 1
36 48 45 1
