57 27 27 1
58 27 27 1
57 28 27 1
58 28 27 0
59 28 27 1
60 28 27 1
56 29 27 1
57 29 27 0
58 29 27 0
59 29 27 0
60 29 27 0
61 29 27 1
62 29 27 1
63 29 27 1
56 30 27 1
57 30 27 0
58 30 27 0
59 30 27 0
60 30 27 0
61 30 27 0
62 30 27 0
63 30 27 0
64 30 27 1
65 30 27 1
66 30 27 1
55 31 27 1
56 31 27 0
57 31 27 0
58 31 27 0
59 31 27 0
60 31 27 0
61 31 27 0
62 31 27 0
63 31 27 0
64 31 27 0
65 31 27 0
66 31 27 0
67 31 27 1
68 31 27 1
69 31 27 1
70 31 27 1
55 32 27 1
56 32 27 0
57 32 27 0
58 32 27 0
59 32 27 0
60 32 27 0
61 32 27 0
62 32 27 0
63 32 27 0
64 32 27 0
65 32 27 0
66 32 27 0
67 32 27 0
68 32 27 0
69 32 27 0
70 32 27 0
71 32 27 1
55 33 27 1
56 33 27 0
57 33 27 0
58 33 27 0
59 33 27 0
60 33 27 0
61 33 27 0
62 33 27 0
63 33 27 0
64 33 27 0
65 33 27 0
66 33 27 0
67 33 27 0
68 33 27 0
69 33 27 0
70 33 27 0
71 33 27 1
54 34 27 1
55 34 27 0
56 34 27 0
57 34 27 0
58 34 27 0
59 34 27 0
60 34 27 0
61 34 27 0
62 34 27 0
63 34 27 0
64 34 27 0
65 34 27 0
66 34 27 0
67 34 27 0
68 34 27 0
69 34 27 0
70 34 27 0
71 34 27 1
54 35 27 1
55 35 27 0
56 35 27 0
57 35 27 0
58 35 27 0
59 35 27 0
60 35 27 0
61 35 27 0
62 35 27 0
63 35 27 0
64 35 27 0
65 35 27 0
66 35 27 0
67 35 27 0
68 35 27 0
69 35 27 0
70 35 27 0
71 35 27 1
54 36 27 1
55 36 27 0
56 36 27 0
57 36 27 0
58 36 27 0
59 36 27 0
60 36 27 0
61 36 27 0
62 36 27 0
63 36 27 0
64 36 27 0
65 36 27 0
66 36 27 0
67 36 27 0
68 36 27 0
69 36 27 0
70 36 27 0
71 36 27 0
72 36 27 1
53 37 27 1
54 37 27 0
55 37 27 0
56 37 27 0
57 37 27 0
58 37 27 0
59 37 27 0
60 37 27 0
61 37 27 0
62 37 27 0
63 37 27 0
64 37 27 0
65 37 27 0
66 37 27 0
67 37 27 0
68 37 27 0
69 37 27 0
70 37 27 0
71 37 27 0
72 37 27 1
53 38 27 1
54 38 27 0
55 38 27 0
56 38 27 0
57 38 27 0
58 38 27 0
59 38 27 0
60 38 27 0
61 38 27 0
62 38 27 0
63 38 27 0
64 38 27 0
65 38 27 0
66 38 27 0
67 38 27 0
68 38 27 0
69 38 27 0
70 38 27 0
71 38 27 0
72 38 27 1
53 39 27 1
54 39 27 0
55 39 27 0
56 39 27 0
57 39 27 0
58 39 27 0
59 39 27 0
60 39 27 0
61 39 27 0
62 39 27 0
63 39 27 0
64 39 27 0
65 39 27 0
66 39 27 0
67 39 27 0
68 39 27 0
69 39 27 0
70 39 27 0
71 39 27 0
72 39 27 1
54 40 27 1
55 40 27 0
56 40 27 0
57 40 27 0
58 40 27 0
59 40 27 0
60 40 27 0
61 40 27 0
62 40 27 0
63 40 27 0
64 40 27 0
65 40 27 0
66 40 27 0
67 40 27 0
68 40 27 0
69 40 27 0
70 40 27 0
71 40 27 1
55 41 27 1
56 41 27 0
57 41 27 0
58 41 27 0
59 41 27 0
60 41 27 0
61 41 27 0
62 41 27 0
63 41 27 0
64 41 27 1
65 41 27 1
66 41 27 1
67 41 27 1
68 41 27 1
69 41 27 1
70 41 27 1
71 41 27 1
55 42 27 1
56 42 27 1
57 42 27 1
58 42 27 1
59 42 27 1
60 42 27 1
61 42 27 1
62 42 27 1
63 42 27 1
