23 28 50 1
24 28 50 1
25 28 50 1
26 28 50 1
27 28 50 1
21 29 50 1
22 29 50 1
23 29 50 0
24 29 50 0
25 29 50 0
26 29 50 0
27 29 50 0
28 29 50 1
29 29 50 1
30 29 50 1
19 30 50 1
20 30 50 1
21 30 50 0
22 30 50 0
23 30 50 0
24 30 50 0
25 30 50 0
26 30 50 0
27 30 50 0
28 30 50 0
29 30 50 0
30 30 50 0
31 30 50 1
32 30 50 1
16 31 50 1
17 31 50 1
18 31 50 1
19 31 50 0
20 31 50 0
21 31 50 0
22 31 50 0
23 31 50 0
24 31 50 0
25 31 50 0
26 31 50 0
27 31 50 0
28 31 50 0
29 31 50 0
30 31 50 0
31 31 50 0
32 31 50 0
33 31 50 1
16 32 50 1
17 32 50 0
18 32 50 0
19 32 50 0
20 32 50 0
21 32 50 0
22 32 50 0
23 32 50 0
24 32 50 0
25 32 50 0
26 32 50 0
27 32 50 0
28 32 50 0
29 32 50 0
30 32 50 0
31 32 50 0
32 32 50 0
33 32 50 1
17 33 50 1
18 33 50 0
19 33 50 0
20 33 50 0
21 33 50 0
22 33 50 0
23 33 50 0
24 33 50 0
25 33 50 0
26 33 49 0
27 33 49 0
28 33 50 0
29 33 50 0
30 33 50 0
31 33 50 0
32 33 50 0
33 33 50 1
17 34 50 1
18 34 50 0
19 34 50 0
20 34 50 0
21 34 50 0
22 34 50 0
23 34 50 0
24 34 49 0
25 34 49 0
26 34 49 0
27 34 49 0
28 34 50 0
29 34 50 0
30 34 50 0
31 34 50 0
32 34 50 0
33 34 50 1
18 35 50 1
19 35 50 0
20 35 50 0
21 35 50 0
22 35 50 0
23 35 50 0
24 35 49 0
25 35 49 0
26 35 49 0
27 35 49 0
28 35 50 0
29 35 50 0
30 35 50 0
31 35 50 0
32 35 50 0
33 35 50 1
18 36 50 1
19 36 50 0
20 36 50 0
21 36 50 0
22 36 50 0
23 36 50 0
24 36 49 0
25 36 49 0
26 36 49 0
27 36 49 0
28 36 50 0
29 36 50 0
30 36 50 0
31 36 50 0
32 36 50 0
33 36 50 1
18 37 50 1
19 37 50 0
20 37 50 0
21 37 50 0
22 37 49 0
23 37 49 0
24 37 49 0
25 37 49 0
26 37 49 0
27 37 49 0
28 37 50 0
29 37 50 0
30 37 50 0
31 37 50 0
32 37 50 0
33 37 50 1
18 38 50 1
19 38 50 0
20 38 50 0
21 38 49 0
22 38 49 0
23 38 49 0
24 38 49 0
25 38 49 0
26 38 49 0
27 38 49 0
28 38 49 0
29 38 50 0
30 38 50 0
31 38 50 0
32 38 50 0
33 38 50 1
18 39 50 1
19 39 50 0
20 39 49 0
21 39 49 0
22 39 49 0
23 39 49 0
24 39 49 0
25 39 49 0
26 39 49 0
27 39 49 0
28 39 49 0
29 39 49 0
30 39 50 0
31 39 50 0
32 39 50 0
33 39 50 1
19 40 50 1
20 40 50 1
21 40 50 1
22 40 49 1
23 40 49 1
24 40 49 1
25 40 49 0
26 40 49 0
27 40 49 0
28 40 50 0
29 40 50 0
30 40 50 0
31 40 50 0
32 40 50 0
33 40 50 1
25 41 49 1
26 41 49 0
27 41 49 0
28 41 49 0
29 41 49 0
30 41 50 1
31 41 50 1
32 41 50 1
33 41 50 1
26 42 49 1
27 42 49 1
28 42 49 1
29 42 49 1
