6 29 50 1
7 29 50 1
8 29 50 1
9 29 50 1
10 29 50 1
11 29 50 1
0 30 50 1
1 30 50 1
2 30 50 1
3 30 50 1
4 30 50 1
5 30 50 1
6 30 50 0
7 30 50 0
8 30 50 0
9 30 50 0
10 30 50 0
11 30 50 0
12 30 50 1
13 30 50 1
0 31 50 0
1 31 50 0
2 31 50 0
3 31 50 0
4 31 50 0
5 31 50 0
6 31 50 0
7 31 50 0
8 31 50 0
9 31 50 0
10 31 50 0
11 31 50 0
12 31 50 0
13 31 50 0
14 31 50 1
15 31 50 1
0 32 50 0
1 32 50 0
2 32 50 0
3 32 50 0
4 32 50 0
5 32 50 0
6 32 50 0
7 32 50 0
8 32 50 0
9 32 50 0
10 32 50 0
11 32 50 0
12 32 50 0
13 32 50 0
14 32 50 0
15 32 50 1
0 33 50 0
1 33 50 0
2 33 50 0
3 33 50 0
4 33 50 0
5 33 50 0
6 33 50 0
7 33 50 0
8 33 50 0
9 33 50 0
10 33 50 0
11 33 50 0
12 33 50 0
13 33 50 0
14 33 50 0
15 33 50 0
16 33 50 1
0 34 50 0
1 34 50 0
2 34 50 0
3 34 50 0
4 34 50 0
5 34 50 0
6 34 50 0
7 34 50 0
8 34 50 0
9 34 50 0
10 34 50 0
11 34 50 0
12 34 50 0
13 34 50 0
14 34 50 0
15 34 50 0
16 34 50 1
0 35 50 0
1 35 50 0
2 35 50 0
3 35 50 0
4 35 50 0
5 35 50 0
6 35 50 0
7 35 50 0
8 35 50 0
9 35 50 0
10 35 50 0
11 35 50 0
12 35 50 0
13 35 50 0
14 35 50 0
15 35 50 0
16 35 50 0
17 35 50 1
0 36 50 0
1 36 50 0
2 36 50 0
3 36 50 0
4 36 50 0
5 36 50 0
6 36 50 0
7 36 50 0
8 36 50 0
9 36 50 0
10 36 50 0
11 36 50 0
12 36 50 0
13 36 50 0
14 36 50 0
15 36 50 0
16 36 50 0
17 36 50 1
0 37 50 0
1 37 50 0
2 37 50 0
3 37 50 0
4 37 50 0
5 37 50 0
6 37 50 0
7 37 50 0
8 37 50 0
9 37 50 0
10 37 50 0
11 37 50 0
12 37 50 0
13 37 50 0
14 37 50 0
15 37 50 0
16 37 50 0
17 37 50 1
0 38 50 0
1 38 50 0
2 38 50 0
3 38 50 0
4 38 50 0
5 38 50 0
6 38 50 0
7 38 50 0
8 38 50 0
9 38 50 0
10 38 50 0
11 38 50 0
12 38 50 0
13 38 50 0
14 38 50 0
15 38 50 0
16 38 50 0
17 38 50 1
0 39 50 0
1 39 50 0
2 39 50 0
3 39 50 0
4 39 50 0
5 39 50 0
6 39 50 0
7 39 50 0
8 39 50 0
9 39 50 0
10 39 50 0
11 39 50 0
12 39 50 0
13 39 50 0
14 39 50 0
15 39 50 0
16 39 50 0
17 39 50 1
0 40 50 0
1 40 50 0
2 40 50 0
3 40 50 0
4 40 50 0
5 40 50 0
6 40 50 0
7 40 50 0
8 40 50 0
9 40 50 0
10 40 50 0
11 40 50 0
12 40 50 0
13 40 50 0
14 40 50 0
15 40 50 1
16 40 50 1
0 41 50 0
1 41 50 0
2 41 50 0
3 41 49 0
4 41 49 0
5 41 49 0
6 41 49 0
7 41 49 0
8 41 49 0
9 41 49 0
10 41 49 0
11 41 50 0
12 41 50 0
13 41 50 0
14 41 50 1
0 42 50 0
1 42 50 0
2 42 50 0
3 42 49 0
4 42 49 0
5 42 49 0
6 42 49 0
7 42 49 0
8 42 49 0
9 42 49 0
10 42 49 0
11 42 50 0
12 42 50 0
13 42 50 1
0 43 49 1
1 43 49 1
2 43 49 1
3 43 49 1
4 43 49 1
5 43 49 1
6 43 49 0
7 43 49 0
8 43 49 0
9 43 50 0
10 43 50 0
11 43 50 0
12 43 50 1
6 44 49 1
7 44 49 1
8 44 49 1
9 44 50 1
10 44 50 1
11 44 50 1
12 44 50 1
