89 37 28 1
90 37 27 1
91 37 27 1
92 37 27 1
93 37 27 1
94 37 27 1
95 37 27 1
96 37 27 1
97 37 27 1
98 37 27 1
99 37 28 1
100 37 28 1
101 37 28 1
102 37 28 1
88 38 27 1
89 38 27 0
90 38 27 0
91 38 27 0
92 38 27 0
93 38 27 0
94 38 27 0
95 38 27 0
96 38 27 0
97 38 27 0
98 38 27 0
99 38 27 0
100 38 27 0
101 38 28 0
102 38 28 0
103 38 28 1
87 39 27 1
88 39 27 0
89 39 27 0
90 39 27 0
91 39 27 0
92 39 27 0
93 39 27 0
94 39 27 0
95 39 27 0
96 39 27 0
97 39 27 0
98 39 27 0
99 39 27 0
100 39 27 0
101 39 27 0
102 39 27 0
103 39 28 1
87 40 27 1
88 40 27 0
89 40 27 0
90 40 27 0
91 40 27 0
92 40 27 0
93 40 27 0
94 40 27 0
95 40 27 0
96 40 27 0
97 40 27 0
98 40 27 0
99 40 28 0
100 40 28 0
101 40 27 0
102 40 27 0
103 40 28 1
87 41 27 1
88 41 27 0
89 41 27 0
90 41 27 0
91 41 27 0
92 41 27 0
93 41 27 0
94 41 27 0
95 41 27 0
96 41 27 0
97 41 27 0
98 41 27 0
99 41 27 0
100 41 27 0
101 41 27 0
102 41 27 0
103 41 27 1
87 42 27 1
88 42 27 0
89 42 27 0
90 42 27 0
91 42 27 0
92 42 27 0
93 42 27 0
94 42 27 0
95 42 27 0
96 42 27 0
97 42 27 0
98 42 27 0
99 42 27 0
100 42 27 0
101 42 27 0
102 42 28 0
103 42 28 1
88 43 27 1
89 43 27 0
90 43 27 0
91 43 27 0
92 43 27 0
93 43 27 0
94 43 27 0
95 43 27 0
96 43 27 0
97 43 27 0
98 43 27 0
99 43 27 0
100 43 28 0
101 43 28 0
102 43 28 0
103 43 28 1
88 44 27 1
89 44 27 0
90 44 27 0
91 44 27 0
92 44 27 0
93 44 27 0
94 44 27 0
95 44 27 0
96 44 27 0
97 44 27 0
98 44 27 0
99 44 27 0
100 44 28 0
101 44 28 0
102 44 28 1
88 45 27 1
89 45 27 0
90 45 27 0
91 45 27 0
92 45 27 0
93 45 27 0
94 45 27 0
95 45 27 0
96 45 27 0
97 45 27 0
98 45 27 0
99 45 27 0
100 45 27 0
101 45 27 0
102 45 27 1
88 46 27 1
89 46 27 0
90 46 27 0
91 46 27 0
92 46 27 0
93 46 27 0
94 46 27 0
95 46 27 0
96 46 27 0
97 46 27 0
98 46 27 0
99 46 27 0
100 46 27 0
101 46 27 0
102 46 28 1
88 47 27 1
89 47 27 0
90 47 27 0
91 47 27 0
92 47 27 0
93 47 27 0
94 47 27 0
95 47 27 0
96 47 27 0
97 47 27 0
98 47 27 0
99 47 27 0
100 47 27 0
101 47 27 0
102 47 28 1
88 48 27 1
89 48 27 0
90 48 27 0
91 48 27 0
92 48 27 0
93 48 27 0
94 48 27 0
95 48 27 0
96 48 27 0
97 48 27 0
98 48 27 0
99 48 27 0
100 48 27 0
101 48 27 0
102 48 28 1
89 49 27 1
90 49 27 0
91 49 27 0
92 49 27 0
93 49 27 0
94 49 27 0
95 49 27 0
96 49 27 0
97 49 27 0
98 49 27 0
99 49 27 0
100 49 27 0
101 49 27 0
102 49 27 1
89 50 27 1
90 50 27 0
91 50 27 0
92 50 27 0
93 50 27 0
94 50 27 0
95 50 27 0
96 50 27 0
97 50 27 0
98 50 27 0
99 50 27 0
100 50 27 0
101 50 27 1
89 51 27 1
90 51 27 0
91 51 27 0
92 51 27 0
93 51 27 0
94 51 27 0
95 51 27 0
96 51 27 0
97 51 27 0
98 51 27 0
99 51 27 0
100 51 27 0
101 51 27 1
89 52 27 1
90 52 27 1
91 52 27 1
92 52 27 1
93 52 27 1
94 52 27 0
95 52 27 0
96 52 27 0
97 52 27 0
98 52 27 0
99 52 27 0
100 52 27 0
101 52 27 1
94 53 27 1
95 53 27 1
96 53 27 1
97 53 27 1
98 53 27 1
99 53 27 1
100 53 27 1
101 53 27 1
