39 38 30 1
40 38 27 1
38 39 34 1
39 39 29 0
40 39 27 0
41 39 27 1
42 39 27 1
43 39 27 1
44 39 27 1
45 39 27 1
46 39 27 1
47 39 27 1
48 39 27 1
49 39 27 1
50 39 27 1
51 39 27 1
52 39 27 1
38 40 37 1
39 40 30 0
40 40 27 0
41 40 27 0
42 40 27 0
43 40 27 0
44 40 27 0
45 40 27 0
46 40 27 0
47 40 27 0
48 40 27 0
49 40 27 0
50 40 27 0
51 40 27 0
52 40 27 0
53 40 27 1
38 41 33 1
39 41 29 0
40 41 27 0
41 41 27 0
42 41 27 0
43 41 27 0
44 41 27 0
45 41 27 0
46 41 27 0
47 41 27 0
48 41 27 0
49 41 27 0
50 41 27 0
51 41 27 0
52 41 27 0
53 41 27 0
54 41 27 1
38 42 34 1
39 42 27 0
40 42 27 0
41 42 27 0
42 42 27 0
43 42 27 0
44 42 27 0
45 42 27 0
46 42 27 0
47 42 27 0
48 42 27 0
49 42 27 0
50 42 27 0
51 42 27 0
52 42 27 0
53 42 27 0
54 42 27 1
38 43 32 1
39 43 27 0
40 43 27 0
41 43 27 0
42 43 27 0
43 43 27 0
44 43 27 0
45 43 27 0
46 43 27 0
47 43 27 0
48 43 27 0
49 43 27 0
50 43 27 0
51 43 27 0
52 43 27 0
53 43 27 0
54 43 27 0
55 43 27 1
38 44 32 1
39 44 27 0
40 44 27 0
41 44 27 0
42 44 27 0
43 44 27 0
44 44 27 0
45 44 27 0
46 44 27 0
47 44 27 0
48 44 27 0
49 44 27 0
50 44 27 0
51 44 27 0
52 44 27 0
53 44 27 0
54 44 27 0
55 44 27 1
38 45 33 1
39 45 27 0
40 45 27 0
41 45 27 0
42 45 27 0
43 45 27 0
44 45 27 0
45 45 27 0
46 45 27 0
47 45 27 0
48 45 27 0
49 45 27 0
50 45 27 0
51 45 27 0
52 45 27 0
53 45 27 0
54 45 27 0
55 45 27 1
37 46 41 1
38 46 35 0
39 46 30 0
40 46 27 0
41 46 27 0
42 46 27 0
43 46 27 0
44 46 27 0
45 46 27 0
46 46 27 0
47 46 27 0
48 46 27 0
49 46 27 0
50 46 27 0
51 46 27 0
52 46 27 0
53 46 27 0
54 46 27 0
55 46 27 1
37 47 40 1
38 47 36 0
39 47 30 0
40 47 27 0
41 47 27 0
42 47 27 0
43 47 27 0
44 47 27 0
45 47 27 0
46 47 27 0
47 47 27 0
48 47 27 0
49 47 27 0
50 47 27 0
51 47 27 0
52 47 27 0
53 47 27 0
54 47 27 0
55 47 27 1
37 48 41 1
38 48 34 0
39 48 27 0
40 48 27 0
41 48 27 0
42 48 27 0
43 48 27 0
44 48 27 0
45 48 27 0
46 48 27 0
47 48 27 0
48 48 27 0
49 48 27 0
50 48 27 0
51 48 27 0
52 48 27 0
53 48 27 0
54 48 27 1
36 49 43 1
37 49 37 0
38 49 31 0
39 49 27 0
40 49 27 0
41 49 27 0
42 49 27 0
43 49 27 0
44 49 27 0
45 49 27 0
46 49 27 0
47 49 27 0
48 49 27 0
49 49 27 0
50 49 27 0
51 49 27 0
52 49 27 0
53 49 27 0
54 49 27 1
36 50 44 1
37 50 36 0
38 50 27 0
39 50 27 0
40 50 27 0
41 50 27 0
42 50 27 0
43 50 27 0
44 50 27 0
45 50 27 0
46 50 27 0
47 50 27 0
48 50 27 0
49 50 27 0
50 50 27 0
51 50 27 0
52 50 27 0
53 50 27 0
54 50 27 1
37 51 34 0
38 51 29 0
39 51 27 0
40 51 27 0
41 51 27 0
42 51 27 0
43 51 27 0
44 51 27 0
45 51 27 0
46 51 27 0
47 51 27 0
48 51 27 0
49 51 27 0
50 51 27 0
51 51 27 0
52 51 27 0
53 51 27 0
54 51 27 1
36 52 42 1
37 52 33 0
38 52 27 0
39 52 27 0
40 52 27 0
41 52 27 0
42 52 27 0
43 52 27 0
44 52 27 0
45 52 27 0
46 52 27 0
47 52 27 0
48 52 27 0
49 52 27 0
50 52 27 0
51 52 27 0
52 52 27 0
53 52 27 0
54 52 27 1
36 53 38 1
37 53 31 0
38 53 27 0
39 53 27 0
40 53 27 0
41 53 27 0
42 53 27 0
43 53 27 0
44 53 27 0
45 53 27 0
46 53 27 0
47 53 27 0
48 53 27 0
49 53 27 0
50 53 27 0
51 53 27 0
52 53 27 0
53 53 27 0
54 53 27 1
36 54 40 1
37 54 32 0
38 54 27 1
39 54 27 1
40 54 27 0
41 54 27 0
42 54 27 0
43 54 27 0
44 54 27 0
45 54 27 0
46 54 27 0
47 54 27 0
48 54 27 0
49 54 27 0
50 54 27 0
51 54 27 0
52 54 27 0
53 54 27 0
54 54 27 1
36 55 37 1
37 55 31 1
40 55 27 1
41 55 27 1
42 55 27 1
43 55 27 1
44 55 27 1
45 55 27 1
46 55 27 1
47 55 27 1
48 55 27 1
49 55 27 1
50 55 27 1
51 55 27 1
52 55 27 1
53 55 27 1
36 56 40 1
37 56 32 1
36 57 37 1
37 57 31 1
36 58 40 1
37 58 32 1
36 59 38 1
37 59 33 1
36 60 41 1
37 60 35 1
36 61 39 1
37 61 35 1
36 62 42 1
37 62 37 1
36 63 41 1
37 63 37 1
36 64 43 1
37 64 38 1
36 65 41 1
37 65 37 1
36 66 43 1
37 66 38 1
36 67 41 1
36 68 43 1
36 69 41 1
