73 39 27 1
74 39 27 1
75 39 27 1
76 39 27 1
77 39 27 1
78 39 27 1
79 39 27 1
80 39 27 1
81 39 27 1
82 39 27 1
83 39 27 1
84 39 27 1
86 39 27 1
72 40 27 1
73 40 27 0
74 40 27 0
75 40 27 0
76 40 27 0
77 40 27 0
78 40 27 0
79 40 27 0
80 40 27 0
81 40 27 0
82 40 27 0
83 40 27 0
84 40 27 0
85 40 27 0
86 40 27 1
72 41 27 1
73 41 27 0
74 41 27 0
75 41 27 0
76 41 27 0
77 41 27 0
78 41 27 0
79 41 27 0
80 41 27 0
81 41 27 0
82 41 27 0
83 41 27 0
84 41 27 0
85 41 27 0
86 41 27 1
71 42 27 1
72 42 27 1
73 42 27 0
74 42 27 0
75 42 27 0
76 42 27 0
77 42 27 0
78 42 27 0
79 42 27 0
80 42 27 0
81 42 27 0
82 42 27 0
83 42 27 0
84 42 27 0
85 42 27 0
86 42 27 1
72 43 27 1
73 43 27 0
74 43 27 0
75 43 27 0
76 43 27 0
77 43 27 0
78 43 27 0
79 43 27 0
80 43 27 0
81 43 27 0
82 43 27 0
83 43 27 0
84 43 27 0
85 43 27 0
86 43 27 0
87 43 27 1
72 44 27 1
73 44 27 0
74 44 27 0
75 44 27 0
76 44 27 0
77 44 27 0
78 44 27 0
79 44 27 0
80 44 27 0
81 44 27 0
82 44 27 0
83 44 27 0
84 44 27 0
85 44 27 0
86 44 27 0
87 44 27 1
72 45 27 1
73 45 27 0
74 45 27 0
75 45 27 0
76 45 27 0
77 45 27 0
78 45 27 0
79 45 27 0
80 45 27 0
81 45 27 0
82 45 27 0
83 45 27 0
84 45 27 0
85 45 27 0
86 45 27 0
87 45 27 1
72 46 27 1
73 46 27 0
74 46 27 0
75 46 27 0
76 46 27 0
77 46 27 0
78 46 27 0
79 46 27 0
80 46 27 0
81 46 27 0
82 46 27 0
83 46 27 0
84 46 27 0
85 46 27 0
86 46 27 0
87 46 27 1
72 47 27 1
73 47 27 0
74 47 27 0
75 47 27 0
76 47 27 0
77 47 27 0
78 47 27 0
79 47 27 0
80 47 27 0
81 47 27 0
82 47 27 0
83 47 27 0
84 47 27 0
85 47 27 0
86 47 27 0
87 47 27 1
72 48 27 1
73 48 27 0
74 48 27 0
75 48 27 0
76 48 27 0
77 48 27 0
78 48 27 0
79 48 27 0
80 48 27 0
81 48 27 0
82 48 27 0
83 48 27 0
84 48 27 0
85 48 27 0
86 48 27 0
87 48 27 1
72 49 27 1
73 49 27 0
74 49 27 0
75 49 27 0
76 49 27 0
77 49 27 0
78 49 27 0
79 49 27 0
80 49 27 0
81 49 27 0
82 49 27 0
83 49 27 0
84 49 27 0
85 49 27 0
86 49 27 0
87 49 27 0
88 49 27 1
73 50 27 1
74 50 27 0
75 50 27 0
76 50 27 0
77 50 27 0
78 50 27 0
79 50 27 0
80 50 27 0
81 50 27 0
82 50 27 0
83 50 27 0
84 50 27 0
85 50 27 0
86 50 27 0
87 50 27 0
88 50 27 1
73 51 27 1
74 51 27 0
75 51 27 0
76 51 27 0
77 51 27 0
78 51 27 0
79 51 27 0
80 51 27 0
81 51 27 0
82 51 27 0
83 51 27 0
84 51 27 0
85 51 27 0
86 51 27 0
87 51 27 0
88 51 27 1
73 52 27 1
74 52 27 0
75 52 27 0
76 52 27 0
77 52 27 0
78 52 27 0
79 52 27 0
80 52 27 0
81 52 27 0
82 52 27 0
83 52 27 0
84 52 27 0
85 52 27 0
86 52 27 0
87 52 27 0
88 52 27 1
73 53 27 1
74 53 27 0
75 53 27 0
76 53 27 0
77 53 27 0
78 53 27 0
79 53 27 0
80 53 27 0
81 53 27 0
82 53 27 0
83 53 27 0
84 53 27 0
85 53 27 0
86 53 27 0
87 53 27 0
88 53 27 1
73 54 27 1
74 54 27 1
75 54 27 1
76 54 27 1
77 54 27 0
78 54 27 0
79 54 27 0
80 54 27 0
81 54 27 0
82 54 27 0
83 54 27 0
84 54 27 0
85 54 27 0
86 54 27 0
87 54 27 1
77 55 27 1
78 55 27 1
79 55 27 1
80 55 27 1
81 55 27 1
82 55 27 1
83 55 27 1
84 55 27 1
85 55 27 1
86 55 27 1
