104 39 28 1
105 39 28 1
106 39 28 1
107 39 28 1
108 39 28 1
109 39 28 1
110 39 28 1
111 39 28 1
112 39 28 1
113 39 28 1
114 39 28 1
115 39 28 1
116 39 28 1
117 39 28 1
104 40 28 1
105 40 28 0
106 40 28 0
107 40 28 0
108 40 28 0
109 40 28 0
110 40 28 0
111 40 28 0
112 40 28 0
113 40 28 0
114 40 28 0
115 40 28 0
116 40 28 0
117 40 28 0
104 41 28 1
105 41 28 0
106 41 28 0
107 41 28 0
108 41 28 0
109 41 28 0
110 41 28 0
111 41 28 0
112 41 28 0
113 41 28 0
114 41 28 0
115 41 28 0
116 41 28 0
117 41 28 0
104 42 28 1
105 42 28 0
106 42 28 0
107 42 28 0
108 42 28 0
109 42 28 0
110 42 28 0
111 42 28 0
112 42 28 0
113 42 28 0
114 42 28 0
115 42 28 0
116 42 28 0
117 42 28 0
104 43 28 1
105 43 28 0
106 43 28 0
107 43 28 0
108 43 28 0
109 43 28 0
110 43 28 0
111 43 28 0
112 43 28 0
113 43 28 0
114 43 28 0
115 43 28 0
116 43 28 0
117 43 28 0
103 44 28 1
104 44 28 0
105 44 28 0
106 44 28 0
107 44 28 0
108 44 28 0
109 44 28 0
110 44 28 0
111 44 28 0
112 44 28 0
113 44 28 0
114 44 28 0
115 44 28 0
116 44 28 0
117 44 28 0
103 45 28 1
104 45 28 0
105 45 28 0
106 45 28 0
107 45 28 0
108 45 28 0
109 45 28 0
110 45 28 0
111 45 28 0
112 45 28 0
113 45 28 0
114 45 28 0
115 45 28 0
116 45 28 0
117 45 28 0
103 46 28 1
104 46 28 0
105 46 28 0
106 46 28 0
107 46 28 0
108 46 28 0
109 46 28 0
110 46 28 0
111 46 28 0
112 46 28 0
113 46 28 0
114 46 28 0
115 46 28 0
116 46 28 0
117 46 28 0
103 47 28 1
104 47 28 0
105 47 28 0
106 47 28 0
107 47 28 0
108 47 28 0
109 47 28 0
110 47 28 0
111 47 28 0
112 47 28 0
113 47 28 0
114 47 28 0
115 47 28 0
116 47 28 0
117 47 28 0
103 48 28 1
104 48 28 0
105 48 28 0
106 48 28 0
107 48 28 0
108 48 28 0
109 48 28 0
110 48 28 0
111 48 28 0
112 48 28 0
113 48 28 0
114 48 28 0
115 48 28 0
116 48 28 0
117 48 28 0
103 49 28 1
104 49 28 0
105 49 27 0
106 49 27 0
107 49 28 0
108 49 28 0
109 49 28 0
110 49 28 0
111 49 28 0
112 49 28 0
113 49 28 0
114 49 28 0
115 49 28 0
116 49 28 0
117 49 28 0
102 50 27 1
103 50 27 0
104 50 27 0
105 50 27 0
106 50 27 0
107 50 28 0
108 50 28 0
109 50 28 0
110 50 28 0
111 50 28 0
112 50 28 0
113 50 28 0
114 50 28 0
115 50 28 0
116 50 28 0
117 50 28 0
102 51 27 1
103 51 27 0
104 51 27 0
105 51 27 0
106 51 27 0
107 51 27 0
108 51 28 0
109 51 27 0
110 51 27 0
111 51 28 0
112 51 28 0
113 51 28 0
114 51 28 0
115 51 28 0
116 51 28 0
117 51 28 0
102 52 27 1
103 52 27 0
104 52 27 0
105 52 27 0
106 52 27 0
107 52 27 0
108 52 27 0
109 52 27 0
110 52 27 0
111 52 28 0
112 52 28 0
113 52 28 0
114 52 28 0
115 52 28 0
116 52 28 0
117 52 28 0
102 53 27 1
103 53 27 0
104 53 27 0
105 53 27 0
106 53 27 0
107 53 27 0
108 53 27 0
109 53 27 0
110 53 27 0
111 53 28 0
112 53 28 0
113 53 28 0
114 53 28 0
115 53 28 0
116 53 28 0
117 53 28 0
102 54 27 1
103 54 27 0
104 54 27 0
105 54 27 0
106 54 27 0
107 54 27 0
108 54 27 0
109 54 27 0
110 54 27 0
111 54 28 0
112 54 28 0
113 54 28 0
114 54 28 0
115 54 28 0
116 54 28 0
117 54 28 0
103 55 27 1
104 55 27 1
105 55 27 1
106 55 27 1
107 55 27 1
108 55 27 1
109 55 27 1
110 55 27 1
111 55 27 1
112 55 28 1
113 55 28 1
114 55 28 1
115 55 28 1
116 55 28 1
117 55 28 1
