17 40 50 1
18 40 50 1
15 41 50 1
16 41 50 1
17 41 50 0
18 41 50 0
19 41 50 1
20 41 49 1
21 41 49 1
22 41 49 1
23 41 49 1
24 41 49 1
14 42 50 1
15 42 50 0
16 42 50 0
17 42 50 0
18 42 50 0
19 42 50 0
20 42 50 0
21 42 50 0
22 42 49 0
23 42 49 0
24 42 49 0
25 42 49 1
13 43 50 1
14 43 50 0
15 43 50 0
16 43 50 0
17 43 50 0
18 43 50 0
19 43 50 0
20 43 50 0
21 43 50 0
22 43 49 0
23 43 49 0
24 43 49 0
25 43 49 1
13 44 50 1
14 44 50 0
15 44 50 0
16 44 50 0
17 44 50 0
18 44 50 0
19 44 50 0
20 44 50 0
21 44 50 0
22 44 50 0
23 44 49 0
24 44 49 0
25 44 49 1
12 45 50 1
13 45 50 1
14 45 50 0
15 45 50 0
16 45 50 0
17 45 50 0
18 45 50 0
19 45 50 0
20 45 50 0
21 45 50 0
22 45 50 0
23 45 49 0
24 45 49 0
25 45 49 1
13 46 49 1
14 46 50 0
15 46 50 0
16 46 50 0
17 46 50 0
18 46 50 0
19 46 50 0
20 46 50 0
21 46 50 0
22 46 50 0
23 46 49 0
24 46 49 0
25 46 49 1
13 47 49 1
14 47 50 0
15 47 50 0
16 47 50 0
17 47 50 0
18 47 50 0
19 47 50 0
20 47 50 0
21 47 50 0
22 47 50 0
23 47 49 0
24 47 49 0
25 47 50 1
13 48 49 1
14 48 50 0
15 48 50 0
16 48 50 0
17 48 50 0
18 48 50 0
19 48 50 0
20 48 50 0
21 48 50 0
22 48 50 0
23 48 50 0
24 48 50 0
25 48 50 1
13 49 49 1
14 49 49 0
15 49 49 0
16 49 50 0
17 49 50 0
18 49 50 0
19 49 50 0
20 49 50 0
21 49 50 0
22 49 50 0
23 49 50 0
24 49 50 0
25 49 50 1
13 50 49 1
14 50 49 0
15 50 49 0
16 50 49 0
17 50 49 0
18 50 49 0
19 50 49 0
20 50 49 0
21 50 49 0
22 50 49 0
23 50 50 0
24 50 50 0
25 50 50 0
26 50 49 1
13 51 49 1
14 51 49 0
15 51 49 0
16 51 49 0
17 51 49 0
18 51 49 0
19 51 49 0
20 51 49 0
21 51 49 0
22 51 49 0
23 51 49 0
24 51 49 0
25 51 49 0
26 51 49 1
14 52 49 1
15 52 49 0
16 52 49 0
17 52 49 0
18 52 49 0
19 52 49 0
20 52 49 0
21 52 49 0
22 52 49 0
23 52 49 0
24 52 49 0
25 52 49 0
26 52 49 1
14 53 49 1
15 53 49 0
16 53 49 0
17 53 49 0
18 53 49 0
19 53 49 0
20 53 49 0
21 53 49 0
22 53 49 0
23 53 49 0
24 53 49 0
25 53 49 0
26 53 49 1
14 54 49 1
15 54 49 0
16 54 49 0
17 54 49 0
18 54 49 0
19 54 49 0
20 54 49 0
21 54 49 0
22 54 49 0
23 54 49 0
24 54 49 0
25 54 49 1
14 55 49 1
15 55 49 0
16 55 49 0
17 55 49 0
18 55 49 0
19 55 49 0
20 55 49 0
21 55 49 0
22 55 49 0
23 55 49 0
24 55 49 0
25 55 49 1
15 56 49 1
16 56 49 0
17 56 49 0
18 56 49 0
19 56 49 0
20 56 49 0
21 56 49 0
22 56 49 0
23 56 49 0
24 56 49 1
25 56 49 1
15 57 49 1
16 57 49 0
17 57 49 0
18 57 49 0
19 57 49 0
20 57 49 0
21 57 49 1
22 57 49 1
23 57 49 1
16 58 49 1
17 58 49 1
18 58 49 1
19 58 49 1
20 58 49 1
18 59 49 1
