30 42 50 1
31 42 50 1
32 42 50 1
33 42 50 1
34 42 50 1
26 43 49 1
27 43 49 1
28 43 50 1
29 43 50 1
30 43 50 0
31 43 50 0
32 43 50 0
33 43 50 0
34 43 50 1
26 44 49 1
27 44 49 0
28 44 50 0
29 44 50 0
30 44 50 0
31 44 50 0
32 44 50 0
33 44 50 0
34 44 50 0
35 44 49 1
26 45 49 1
27 45 49 0
28 45 49 0
29 45 49 0
30 45 50 0
31 45 50 0
32 45 50 0
33 45 50 0
34 45 50 0
35 45 48 1
26 46 49 1
27 46 49 0
28 46 49 0
29 46 49 0
30 46 49 0
31 46 50 0
32 46 50 0
33 46 50 0
34 46 50 0
35 46 48 1
26 47 49 1
27 47 49 0
28 47 49 0
29 47 49 0
30 47 49 0
31 47 49 0
32 47 49 0
33 47 49 0
34 47 50 0
35 47 47 1
26 48 49 1
27 48 49 0
28 48 49 0
29 48 49 0
30 48 49 0
31 48 49 0
32 48 49 0
33 48 49 0
34 48 49 0
35 48 48 1
26 49 49 1
27 49 49 0
28 49 49 0
29 49 49 0
30 49 49 0
31 49 49 0
32 49 49 0
33 49 49 0
34 49 49 0
35 49 47 1
27 50 49 1
28 50 49 0
29 50 49 0
30 50 49 0
31 50 49 0
32 50 49 0
33 50 49 0
34 50 49 0
35 50 47 1
27 51 49 1
28 51 49 0
29 51 49 0
30 51 49 0
31 51 49 0
32 51 49 0
33 51 49 0
34 51 49 0
35 51 46 1
36 51 40 1
27 52 49 1
28 52 49 0
29 52 49 0
30 52 49 0
31 52 49 0
32 52 49 0
33 52 49 0
34 52 49 0
35 52 47 1
27 53 49 1
28 53 49 0
29 53 49 0
30 53 49 0
31 53 49 0
32 53 49 0
33 53 49 0
34 53 49 0
35 53 46 1
26 54 49 1
27 54 49 0
28 54 49 0
29 54 49 0
30 54 49 0
31 54 49 0
32 54 49 0
33 54 49 0
34 54 49 0
35 54 46 1
26 55 49 1
27 55 49 0
28 55 49 0
29 55 49 0
30 55 49 0
31 55 49 0
32 55 49 0
33 55 49 0
34 55 49 0
35 55 45 1
27 56 49 1
28 56 49 1
29 56 49 0
30 56 49 0
31 56 50 0
32 56 50 0
33 56 50 0
34 56 50 0
35 56 46 1
29 57 49 1
30 57 49 1
31 57 49 1
32 57 49 1
33 57 50 0
34 57 50 0
35 57 45 1
33 58 50 1
34 58 50 1
35 58 46 1
35 59 46 1
35 60 47 1
