64 42 27 1
65 42 27 1
66 42 27 1
67 42 27 1
68 42 27 1
69 42 27 1
70 42 27 1
56 43 27 1
57 43 27 1
58 43 27 1
59 43 27 1
60 43 27 1
61 43 27 1
62 43 27 1
63 43 27 1
64 43 27 0
65 43 27 0
66 43 27 0
67 43 27 0
68 43 27 0
69 43 27 0
70 43 27 0
71 43 27 1
56 44 27 1
57 44 27 0
58 44 27 0
59 44 27 0
60 44 27 0
61 44 27 0
62 44 27 0
63 44 27 0
64 44 27 0
65 44 27 0
66 44 27 0
67 44 27 0
68 44 27 0
69 44 27 0
70 44 27 0
71 44 27 1
56 45 27 1
57 45 27 0
58 45 27 0
59 45 27 0
60 45 27 0
61 45 27 0
62 45 27 0
63 45 27 0
64 45 27 0
65 45 27 0
66 45 27 0
67 45 27 0
68 45 27 0
69 45 27 0
70 45 27 0
71 45 27 1
56 46 27 1
57 46 27 0
58 46 27 0
59 46 27 0
60 46 27 0
61 46 27 0
62 46 27 0
63 46 27 0
64 46 27 0
65 46 27 0
66 46 27 0
67 46 27 0
68 46 27 0
69 46 27 0
70 46 27 0
71 46 27 1
56 47 27 1
57 47 27 0
58 47 27 0
59 47 27 0
60 47 27 0
61 47 27 0
62 47 27 0
63 47 27 0
64 47 27 0
65 47 27 0
66 47 27 0
67 47 27 0
68 47 27 0
69 47 27 0
70 47 27 0
71 47 27 1
55 48 27 1
56 48 27 0
57 48 27 0
58 48 27 0
59 48 27 0
60 48 27 0
61 48 27 0
62 48 27 0
63 48 27 0
64 48 27 0
65 48 27 0
66 48 27 0
67 48 27 0
68 48 27 0
69 48 27 0
70 48 27 0
71 48 27 1
55 49 27 1
56 49 27 0
57 49 27 0
58 49 27 0
59 49 27 0
60 49 27 0
61 49 27 0
62 49 27 0
63 49 27 0
64 49 27 0
65 49 27 0
66 49 27 0
67 49 27 0
68 49 27 0
69 49 27 0
70 49 27 0
71 49 27 1
55 50 27 1
56 50 27 0
57 50 27 0
58 50 27 0
59 50 27 0
60 50 27 0
61 50 27 0
62 50 27 0
63 50 27 0
64 50 27 0
65 50 27 0
66 50 27 0
67 50 27 0
68 50 27 0
69 50 27 0
70 50 27 0
71 50 27 0
72 50 27 1
55 51 27 1
56 51 27 0
57 51 27 0
58 51 27 0
59 51 27 0
60 51 27 0
61 51 27 0
62 51 27 0
63 51 27 0
64 51 27 0
65 51 27 0
66 51 27 0
67 51 27 0
68 51 27 0
69 51 27 0
70 51 27 0
71 51 27 0
72 51 27 1
55 52 27 1
56 52 27 0
57 52 27 0
58 52 27 0
59 52 27 0
60 52 27 0
61 52 27 0
62 52 27 0
63 52 27 0
64 52 27 0
65 52 27 0
66 52 27 0
67 52 27 0
68 52 27 0
69 52 27 0
70 52 27 0
71 52 27 0
72 52 27 1
55 53 27 1
56 53 27 0
57 53 27 0
58 53 27 0
59 53 27 0
60 53 27 0
61 53 27 0
62 53 27 0
63 53 27 0
64 53 27 0
65 53 27 0
66 53 27 0
67 53 27 0
68 53 27 0
69 53 27 0
70 53 27 0
71 53 27 0
72 53 27 1
55 54 27 1
56 54 27 0
57 54 27 0
58 54 27 0
59 54 27 0
60 54 27 0
61 54 27 0
62 54 27 0
63 54 27 0
64 54 27 0
65 54 27 0
66 54 27 0
67 54 27 0
68 54 27 0
69 54 27 0
70 54 27 0
71 54 27 0
72 54 27 1
55 55 27 1
56 55 27 0
57 55 27 0
58 55 27 0
59 55 27 0
60 55 27 0
61 55 27 0
62 55 27 0
63 55 27 0
64 55 27 0
65 55 27 0
66 55 27 0
67 55 27 0
68 55 27 0
69 55 27 0
70 55 27 0
71 55 27 0
72 55 27 1
56 56 27 1
57 56 27 1
58 56 27 1
59 56 27 1
60 56 27 1
61 56 27 1
62 56 27 1
63 56 27 1
64 56 27 1
65 56 27 1
66 56 27 1
67 56 27 1
68 56 27 0
69 56 27 0
70 56 27 0
71 56 27 1
68 57 27 1
69 57 27 1
70 57 27 1
