0 44 49 1
1 44 49 1
2 44 49 1
3 44 49 1
4 44 49 1
5 44 49 1
0 45 49 0
1 45 49 0
2 45 49 0
3 45 49 0
4 45 49 0
5 45 50 0
6 45 49 1
7 45 49 1
8 45 49 1
9 45 50 1
10 45 50 1
11 45 50 1
0 46 49 0
1 46 49 0
2 46 49 0
3 46 49 0
4 46 49 0
5 46 50 0
6 46 50 0
7 46 50 0
8 46 50 0
9 46 50 0
10 46 50 0
11 46 50 0
12 46 49 1
0 47 49 0
1 47 49 0
2 47 49 0
3 47 49 0
4 47 49 0
5 47 49 0
6 47 49 0
7 47 49 0
8 47 49 0
9 47 50 0
10 47 50 0
11 47 49 0
12 47 49 1
0 48 49 0
1 48 49 0
2 48 49 0
3 48 49 0
4 48 49 0
5 48 49 0
6 48 50 0
7 48 50 0
8 48 50 0
9 48 50 0
10 48 50 0
11 48 50 0
12 48 49 1
0 49 49 0
1 49 49 0
2 49 49 0
3 49 49 0
4 49 49 0
5 49 50 0
6 49 50 0
7 49 50 0
8 49 50 0
9 49 50 0
10 49 50 0
11 49 50 0
12 49 49 1
0 50 49 0
1 50 49 0
2 50 49 0
3 50 49 0
4 50 49 0
5 50 49 0
6 50 50 0
7 50 50 0
8 50 50 0
9 50 50 0
10 50 50 0
11 50 49 0
12 50 49 1
0 51 49 0
1 51 49 0
2 51 49 0
3 51 49 0
4 51 49 0
5 51 49 0
6 51 49 0
7 51 49 0
8 51 49 0
9 51 49 0
10 51 49 0
11 51 49 0
12 51 49 1
0 52 49 0
1 52 49 0
2 52 49 0
3 52 49 0
4 52 49 0
5 52 49 0
6 52 49 0
7 52 49 0
8 52 49 0
9 52 49 0
10 52 49 0
11 52 49 0
12 52 49 0
13 52 49 1
0 53 49 0
1 53 49 0
2 53 49 0
3 53 49 0
4 53 49 0
5 53 49 0
6 53 49 0
7 53 49 0
8 53 49 0
9 53 49 0
10 53 49 0
11 53 49 0
12 53 49 0
13 53 49 1
0 54 49 0
1 54 49 0
2 54 49 0
3 54 49 0
4 54 49 0
5 54 49 0
6 54 49 0
7 54 49 0
8 54 49 0
9 54 49 0
10 54 49 0
11 54 49 0
12 54 49 0
13 54 49 1
0 55 49 0
1 55 49 0
2 55 49 0
3 55 49 0
4 55 49 0
5 55 49 0
6 55 49 0
7 55 49 0
8 55 49 0
9 55 49 0
10 55 49 0
11 55 49 0
12 55 49 1
13 55 49 1
0 56 49 0
1 56 49 0
2 56 49 0
3 56 49 0
4 56 49 0
5 56 49 0
6 56 49 0
7 56 49 0
8 56 49 0
9 56 49 1
10 56 49 1
11 56 49 1
0 57 49 0
1 57 49 0
2 57 49 0
3 57 49 0
4 57 49 0
5 57 49 1
6 57 49 1
7 57 49 1
8 57 49 1
0 58 49 1
1 58 49 1
2 58 49 1
3 58 49 1
4 58 49 1
