89 53 27 1
90 53 27 1
91 53 27 1
92 53 27 1
93 53 27 1
88 54 27 1
89 54 27 0
90 54 27 0
91 54 27 0
92 54 27 0
93 54 27 0
94 54 27 1
95 54 27 1
96 54 27 1
97 54 27 1
98 54 27 1
99 54 27 1
100 54 27 1
101 54 27 1
87 55 27 1
88 55 27 0
89 55 27 0
90 55 27 0
91 55 27 0
92 55 27 0
93 55 27 0
94 55 27 0
95 55 27 0
96 55 27 0
97 55 27 0
98 55 27 0
99 55 27 0
100 55 27 0
101 55 27 0
102 55 27 1
87 56 27 1
88 56 27 0
89 56 27 0
90 56 27 0
91 56 27 0
92 56 27 0
93 56 27 0
94 56 27 0
95 56 27 0
96 56 27 0
97 56 27 0
98 56 27 0
99 56 27 0
100 56 27 0
101 56 27 0
102 56 27 1
87 57 27 1
88 57 27 0
89 57 27 0
90 57 27 0
91 57 27 0
92 57 27 0
93 57 27 0
94 57 27 0
95 57 27 0
96 57 27 0
97 57 27 0
98 57 27 0
99 57 27 0
100 57 27 0
101 57 27 0
102 57 27 1
87 58 27 1
88 58 27 0
89 58 27 0
90 58 27 0
91 58 27 0
92 58 27 0
93 58 27 0
94 58 27 0
95 58 27 0
96 58 27 0
97 58 27 0
98 58 27 0
99 58 27 0
100 58 27 0
101 58 27 0
102 58 27 1
87 59 27 1
88 59 27 0
89 59 27 0
90 59 27 0
91 59 27 0
92 59 27 0
93 59 27 0
94 59 27 0
95 59 27 0
96 59 27 0
97 59 27 0
98 59 27 0
99 59 27 0
100 59 27 0
101 59 27 0
102 59 27 1
87 60 27 1
88 60 27 0
89 60 27 0
90 60 27 0
91 60 27 0
92 60 27 0
93 60 27 0
94 60 27 0
95 60 27 0
96 60 27 0
97 60 27 0
98 60 27 0
99 60 27 0
100 60 27 0
101 60 27 0
102 60 27 1
87 61 27 1
88 61 27 0
89 61 27 0
90 61 27 0
91 61 27 0
92 61 27 0
93 61 27 0
94 61 27 0
95 61 27 0
96 61 27 0
97 61 27 0
98 61 27 0
99 61 27 0
100 61 27 0
101 61 27 0
102 61 27 1
87 62 27 1
88 62 27 0
89 62 27 0
90 62 27 0
91 62 27 0
92 62 27 0
93 62 27 0
94 62 27 0
95 62 27 0
96 62 27 0
97 62 27 0
98 62 27 0
99 62 27 0
100 62 27 0
101 62 27 0
102 62 27 1
88 63 27 1
89 63 27 0
90 63 27 0
91 63 27 0
92 63 27 0
93 63 27 0
94 63 27 0
95 63 27 0
96 63 27 0
97 63 27 0
98 63 27 0
99 63 27 0
100 63 27 0
101 63 27 0
102 63 27 1
88 64 27 1
89 64 27 0
90 64 27 0
91 64 27 0
92 64 27 0
93 64 27 0
94 64 27 0
95 64 27 0
96 64 27 0
97 64 27 0
98 64 27 0
99 64 27 0
100 64 27 0
101 64 27 0
102 64 27 1
88 65 27 1
89 65 27 0
90 65 27 0
91 65 27 0
92 65 27 0
93 65 27 0
94 65 27 0
95 65 27 0
96 65 27 0
97 65 27 0
98 65 27 0
99 65 27 0
100 65 27 0
101 65 27 1
88 66 27 1
89 66 27 0
90 66 27 0
91 66 27 0
92 66 27 0
93 66 27 0
94 66 27 0
95 66 27 0
96 66 27 0
97 66 27 0
98 66 27 0
99 66 27 0
100 66 27 0
101 66 27 1
88 67 27 1
89 67 27 0
90 67 27 0
91 67 27 0
92 67 27 0
93 67 27 0
94 67 27 0
95 67 27 0
96 67 27 0
97 67 27 0
98 67 27 0
99 67 27 0
100 67 27 0
101 67 27 1
88 68 27 1
89 68 27 0
90 68 27 0
91 68 27 0
92 68 27 0
93 68 27 0
94 68 27 0
95 68 27 0
96 68 27 0
97 68 27 0
98 68 27 0
99 68 27 0
100 68 27 0
101 68 27 1
88 69 27 1
89 69 27 1
90 69 27 1
91 69 27 1
92 69 27 1
93 69 27 1
94 69 27 1
95 69 27 1
96 69 27 1
97 69 27 1
98 69 27 1
99 69 27 1
100 69 27 1
101 69 27 1
