38 55 27 1
39 55 27 1
54 55 27 1
38 56 27 1
39 56 27 0
40 56 27 1
41 56 27 1
42 56 27 1
43 56 27 1
44 56 27 1
45 56 27 1
46 56 27 1
47 56 27 1
48 56 27 1
49 56 27 1
50 56 27 1
51 56 27 1
52 56 27 1
53 56 27 1
54 56 27 1
38 57 27 1
39 57 27 0
40 57 27 0
41 57 27 0
42 57 27 0
43 57 27 0
44 57 27 0
45 57 27 0
46 57 27 0
47 57 27 0
48 57 27 0
49 57 27 0
50 57 27 0
51 57 27 0
52 57 27 0
53 57 27 0
54 57 27 1
38 58 27 1
39 58 27 0
40 58 27 0
41 58 27 0
42 58 27 0
43 58 27 0
44 58 27 0
45 58 27 0
46 58 27 0
47 58 27 0
48 58 27 0
49 58 27 0
50 58 27 0
51 58 27 0
52 58 27 0
53 58 27 0
54 58 27 1
38 59 29 1
39 59 27 0
40 59 27 0
41 59 27 0
42 59 27 0
43 59 27 0
44 59 27 0
45 59 27 0
46 59 27 0
47 59 27 0
48 59 27 0
49 59 27 0
50 59 27 0
51 59 27 0
52 59 27 0
53 59 27 0
54 59 27 1
38 60 30 1
39 60 27 0
40 60 27 0
41 60 27 0
42 60 27 0
43 60 27 0
44 60 27 0
45 60 27 0
46 60 27 0
47 60 27 0
48 60 27 0
49 60 27 0
50 60 27 0
51 60 27 0
52 60 27 0
53 60 27 1
38 61 30 1
39 61 27 0
40 61 27 0
41 61 27 0
42 61 27 0
43 61 27 0
44 61 27 0
45 61 27 0
46 61 27 0
47 61 27 0
48 61 27 0
49 61 27 0
50 61 27 0
51 61 27 0
52 61 27 0
53 61 27 1
38 62 31 1
39 62 27 0
40 62 27 0
41 62 27 0
42 62 27 0
43 62 27 0
44 62 27 0
45 62 27 0
46 62 27 0
47 62 27 0
48 62 27 0
49 62 27 0
50 62 27 0
51 62 27 0
52 62 27 0
53 62 27 0
54 62 27 1
38 63 31 1
39 63 27 0
40 63 27 0
41 63 27 0
42 63 27 0
43 63 27 0
44 63 27 0
45 63 27 0
46 63 27 0
47 63 27 0
48 63 27 0
49 63 27 0
50 63 27 0
51 63 27 0
52 63 27 0
53 63 27 0
54 63 27 1
38 64 31 1
39 64 27 0
40 64 27 0
41 64 27 0
42 64 27 0
43 64 27 0
44 64 27 0
45 64 27 0
46 64 27 0
47 64 27 0
48 64 27 0
49 64 27 0
50 64 27 0
51 64 27 0
52 64 27 0
53 64 27 1
38 65 31 1
39 65 27 0
40 65 27 0
41 65 27 0
42 65 27 0
43 65 27 0
44 65 27 0
45 65 27 0
46 65 27 0
47 65 27 0
48 65 27 0
49 65 27 0
50 65 27 0
51 65 27 0
52 65 27 0
53 65 27 1
38 66 31 1
39 66 27 0
40 66 27 0
41 66 27 0
42 66 27 0
43 66 27 0
44 66 27 0
45 66 27 0
46 66 27 0
47 66 27 0
48 66 27 0
49 66 27 0
50 66 27 0
51 66 27 0
52 66 27 0
53 66 27 1
37 67 37 1
38 67 31 0
39 67 27 0
40 67 27 0
41 67 27 0
42 67 27 0
43 67 27 0
44 67 27 0
45 67 27 0
46 67 27 0
47 67 27 0
48 67 27 0
49 67 27 0
50 67 27 0
51 67 27 0
52 67 27 0
53 67 27 1
37 68 38 1
38 68 31 0
39 68 27 0
40 68 27 0
41 68 27 0
42 68 27 0
43 68 27 0
44 68 27 0
45 68 27 0
46 68 27 0
47 68 27 0
48 68 27 0
49 68 27 0
50 68 27 0
51 68 27 0
52 68 27 0
53 68 27 1
37 69 37 1
38 69 31 0
39 69 27 0
40 69 27 0
41 69 27 0
42 69 27 0
43 69 27 0
44 69 27 1
45 69 27 1
46 69 27 1
47 69 27 0
48 69 27 0
49 69 27 0
50 69 27 0
51 69 27 0
52 69 27 0
53 69 27 1
36 70 43 1
37 70 38 0
38 70 33 0
39 70 27 1
41 70 27 1
42 70 27 1
43 70 27 1
47 70 27 1
48 70 27 1
49 70 27 1
50 70 27 1
51 70 27 1
52 70 27 1
53 70 27 1
36 71 43 1
37 71 41 0
38 71 32 1
36 72 45 1
37 72 42 1
36 73 47 1
37 73 42 1
36 74 46 1
37 74 43 1
36 75 47 1
37 75 42 1
36 76 47 1
37 76 42 1
36 77 47 1
37 77 45 1
36 78 48 1
37 78 44 1
36 79 48 1
37 79 47 1
36 80 48 1
37 80 45 1
36 81 49 1
37 81 44 1
36 82 48 1
37 82 45 1
36 83 49 1
37 83 45 1
36 84 48 1
37 84 46 1
36 85 49 1
37 85 45 1
