73 55 27 1
74 55 27 1
75 55 27 1
76 55 27 1
72 56 27 1
73 56 27 0
74 56 27 0
75 56 27 0
76 56 27 0
77 56 27 1
78 56 27 1
79 56 27 1
80 56 27 1
81 56 27 1
82 56 27 1
83 56 27 1
84 56 27 1
85 56 27 1
86 56 27 1
71 57 27 1
72 57 27 0
73 57 27 0
74 57 27 0
75 57 27 0
76 57 27 0
77 57 27 0
78 57 27 0
79 57 27 0
80 57 27 0
81 57 27 0
82 57 27 0
83 57 27 0
84 57 27 0
85 57 27 0
86 57 27 1
71 58 27 1
72 58 27 0
73 58 27 0
74 58 27 0
75 58 27 0
76 58 27 0
77 58 27 0
78 58 27 0
79 58 27 0
80 58 27 0
81 58 27 0
82 58 27 0
83 58 27 0
84 58 27 0
85 58 27 0
86 58 27 1
71 59 27 1
72 59 27 0
73 59 27 0
74 59 27 0
75 59 27 0
76 59 27 0
77 59 27 0
78 59 27 0
79 59 27 0
80 59 27 0
81 59 27 0
82 59 27 0
83 59 27 0
84 59 27 0
85 59 27 0
86 59 27 1
71 60 27 1
72 60 27 0
73 60 27 0
74 60 27 0
75 60 27 0
76 60 27 0
77 60 27 0
78 60 27 0
79 60 27 0
80 60 27 0
81 60 27 0
82 60 27 0
83 60 27 0
84 60 27 0
85 60 27 0
86 60 27 1
71 61 27 1
72 61 27 0
73 61 27 0
74 61 27 0
75 61 27 0
76 61 27 0
77 61 27 0
78 61 27 0
79 61 27 0
80 61 27 0
81 61 27 0
82 61 27 0
83 61 27 0
84 61 27 0
85 61 27 0
86 61 27 1
71 62 27 1
72 62 27 0
73 62 27 0
74 62 27 0
75 62 27 0
76 62 27 0
77 62 27 0
78 62 27 0
79 62 27 0
80 62 27 0
81 62 27 0
82 62 27 0
83 62 27 0
84 62 27 0
85 62 27 0
86 62 27 1
71 63 27 1
72 63 27 0
73 63 27 0
74 63 27 0
75 63 27 0
76 63 27 0
77 63 27 0
78 63 27 0
79 63 27 0
80 63 27 0
81 63 27 0
82 63 27 0
83 63 27 0
84 63 27 0
85 63 27 0
86 63 27 0
87 63 27 1
71 64 27 1
72 64 27 0
73 64 27 0
74 64 27 0
75 64 27 0
76 64 27 0
77 64 27 0
78 64 27 0
79 64 27 0
80 64 27 0
81 64 27 0
82 64 27 0
83 64 27 0
84 64 27 0
85 64 27 0
86 64 27 0
87 64 27 1
71 65 27 1
72 65 27 0
73 65 27 0
74 65 27 0
75 65 27 0
76 65 27 0
77 65 27 0
78 65 27 0
79 65 27 0
80 65 27 0
81 65 27 0
82 65 27 0
83 65 27 0
84 65 27 0
85 65 27 0
86 65 27 0
87 65 27 1
71 66 27 1
72 66 27 0
73 66 27 0
74 66 27 0
75 66 27 0
76 66 27 0
77 66 27 0
78 66 27 0
79 66 27 0
80 66 27 0
81 66 27 0
82 66 27 0
83 66 27 0
84 66 27 0
85 66 27 0
86 66 27 0
87 66 27 1
71 67 27 1
72 67 27 0
73 67 27 0
74 67 27 0
75 67 27 0
76 67 27 0
77 67 27 0
78 67 27 0
79 67 27 0
80 67 27 0
81 67 27 0
82 67 27 0
83 67 27 0
84 67 27 0
85 67 27 0
86 67 27 0
87 67 27 1
71 68 27 1
72 68 27 0
73 68 27 0
74 68 27 0
75 68 27 0
76 68 27 0
77 68 27 0
78 68 27 0
79 68 27 0
80 68 27 0
81 68 27 0
82 68 27 0
83 68 27 0
84 68 27 0
85 68 27 0
86 68 27 0
87 68 27 1
71 69 27 1
72 69 27 0
73 69 27 0
74 69 27 0
75 69 27 0
76 69 27 0
77 69 27 0
78 69 27 0
79 69 27 0
80 69 27 0
81 69 27 0
82 69 27 0
83 69 27 0
84 69 27 0
85 69 27 0
86 69 27 0
87 69 27 1
72 70 27 1
73 70 27 1
74 70 27 1
75 70 27 1
76 70 27 1
77 70 27 1
78 70 27 1
79 70 27 1
80 70 27 1
81 70 27 1
82 70 27 1
83 70 27 1
84 70 27 1
85 70 27 1
86 70 27 1
87 70 27 1
