12 56 49 1
13 56 49 1
14 56 49 1
9 57 49 1
10 57 49 1
11 57 49 1
12 57 49 0
13 57 49 0
14 57 49 1
5 58 49 1
6 58 50 1
7 58 50 1
8 58 50 1
9 58 50 0
10 58 49 0
11 58 49 0
12 58 49 0
13 58 49 0
14 58 49 0
15 58 49 1
0 59 49 1
1 59 49 1
2 59 49 1
3 59 49 1
4 59 49 1
5 59 50 0
6 59 50 0
7 59 50 0
8 59 50 0
9 59 49 0
10 59 49 0
11 59 49 0
12 59 49 0
13 59 49 0
14 59 49 0
15 59 49 0
16 59 49 1
17 59 49 1
0 60 49 0
1 60 49 0
2 60 49 0
3 60 49 0
4 60 49 0
5 60 50 0
6 60 50 0
7 60 50 0
8 60 50 0
9 60 49 0
10 60 49 0
11 60 49 0
12 60 49 0
13 60 49 0
14 60 49 0
15 60 49 0
16 60 49 0
17 60 49 0
18 60 49 1
0 61 49 0
1 61 49 0
2 61 49 0
3 61 49 0
4 61 49 0
5 61 49 0
6 61 49 0
7 61 50 0
8 61 50 0
9 61 49 0
10 61 49 0
11 61 49 0
12 61 49 0
13 61 49 0
14 61 49 0
15 61 49 0
16 61 49 0
17 61 49 0
18 61 49 1
0 62 49 0
1 62 49 0
2 62 49 0
3 62 49 0
4 62 49 0
5 62 49 0
6 62 49 0
7 62 49 0
8 62 49 0
9 62 49 0
10 62 49 0
11 62 49 0
12 62 49 0
13 62 49 0
14 62 49 0
15 62 49 0
16 62 49 0
17 62 49 0
18 62 49 1
0 63 49 0
1 63 49 0
2 63 49 0
3 63 49 0
4 63 49 0
5 63 49 0
6 63 49 0
7 63 49 0
8 63 49 0
9 63 49 0
10 63 49 0
11 63 49 0
12 63 49 0
13 63 49 0
14 63 49 0
15 63 49 0
16 63 49 0
17 63 49 0
18 63 49 1
0 64 49 0
1 64 49 0
2 64 49 0
3 64 49 0
4 64 49 0
5 64 49 0
6 64 49 0
7 64 49 0
8 64 49 0
9 64 49 0
10 64 49 0
11 64 49 0
12 64 49 0
13 64 49 0
14 64 49 0
15 64 49 0
16 64 49 0
17 64 49 0
18 64 49 1
0 65 49 0
1 65 49 0
2 65 49 0
3 65 49 0
4 65 49 0
5 65 49 0
6 65 49 0
7 65 49 0
8 65 49 0
9 65 49 0
10 65 49 0
11 65 49 0
12 65 49 0
13 65 49 0
14 65 49 0
15 65 49 0
16 65 49 0
17 65 49 0
18 65 49 1
0 66 49 0
1 66 49 0
2 66 49 0
3 66 49 0
4 66 49 0
5 66 49 0
6 66 49 0
7 66 49 0
8 66 49 0
9 66 49 0
10 66 49 0
11 66 49 0
12 66 49 0
13 66 49 0
14 66 49 0
15 66 49 0
16 66 49 0
17 66 49 0
18 66 49 1
0 67 49 0
1 67 49 0
2 67 49 0
3 67 49 0
4 67 49 0
5 67 49 0
6 67 49 0
7 67 49 0
8 67 49 0
9 67 49 0
10 67 49 0
11 67 49 0
12 67 49 0
13 67 49 0
14 67 49 0
15 67 49 0
16 67 49 0
17 67 49 0
18 67 49 1
0 68 49 0
1 68 49 0
2 68 49 0
3 68 49 0
4 68 49 0
5 68 49 0
6 68 49 0
7 68 49 0
8 68 49 0
9 68 49 0
10 68 49 0
11 68 49 0
12 68 49 0
13 68 49 0
14 68 49 0
15 68 49 0
16 68 49 0
17 68 49 0
18 68 49 1
0 69 49 0
1 69 49 0
2 69 49 0
3 69 49 0
4 69 49 0
5 69 49 0
6 69 49 0
7 69 49 0
8 69 49 0
9 69 49 0
10 69 49 0
11 69 49 0
12 69 49 0
13 69 49 0
14 69 49 0
15 69 49 0
16 69 49 0
17 69 49 0
18 69 49 1
0 70 49 1
1 70 49 1
2 70 49 1
3 70 49 1
4 70 49 1
5 70 49 1
6 70 49 1
7 70 49 1
8 70 49 1
9 70 49 1
10 70 49 1
11 70 49 1
12 70 49 1
13 70 49 0
14 70 49 0
15 70 49 0
16 70 49 0
17 70 49 0
18 70 49 1
9 71 49 1
13 71 49 1
14 71 49 1
15 71 49 1
16 71 49 1
17 71 49 1
