26 56 49 1
24 57 49 1
25 57 49 1
26 57 49 1
27 57 49 1
28 57 49 1
21 58 49 1
22 58 49 1
23 58 49 1
24 58 49 0
25 58 49 0
26 58 49 0
27 58 49 0
28 58 49 0
29 58 49 1
30 58 49 1
31 58 49 1
32 58 49 1
19 59 49 1
20 59 49 1
21 59 49 0
22 59 49 0
23 59 49 0
24 59 49 0
25 59 49 0
26 59 49 0
27 59 49 0
28 59 49 0
29 59 49 0
30 59 49 0
31 59 49 0
32 59 49 0
33 59 50 1
34 59 50 1
19 60 49 1
20 60 49 0
21 60 49 0
22 60 49 0
23 60 49 0
24 60 49 0
25 60 49 0
26 60 49 0
27 60 49 0
28 60 49 0
29 60 49 0
30 60 49 0
31 60 49 0
32 60 49 0
33 60 50 0
34 60 50 1
19 61 49 1
20 61 49 0
21 61 49 0
22 61 49 0
23 61 49 0
24 61 49 0
25 61 49 0
26 61 49 0
27 61 49 0
28 61 49 0
29 61 49 0
30 61 49 0
31 61 49 0
32 61 49 0
33 61 50 0
34 61 50 0
35 61 46 1
19 62 49 1
20 62 49 0
21 62 49 0
22 62 49 0
23 62 49 0
24 62 49 0
25 62 49 0
26 62 49 0
27 62 49 0
28 62 49 0
29 62 49 0
30 62 49 0
31 62 49 0
32 62 49 0
33 62 50 0
34 62 50 0
35 62 47 1
19 63 49 1
20 63 49 0
21 63 49 0
22 63 49 0
23 63 49 0
24 63 49 0
25 63 49 0
26 63 49 0
27 63 49 0
28 63 49 0
29 63 49 0
30 63 49 0
31 63 49 0
32 63 49 0
33 63 50 0
34 63 50 0
35 63 46 1
19 64 49 1
20 64 49 0
21 64 49 0
22 64 49 0
23 64 49 0
24 64 49 0
25 64 49 0
26 64 49 0
27 64 49 0
28 64 49 0
29 64 49 0
30 64 49 0
31 64 49 0
32 64 49 0
33 64 50 0
34 64 49 0
35 64 47 1
19 65 49 1
20 65 49 0
21 65 49 0
22 65 49 0
23 65 49 0
24 65 49 0
25 65 49 0
26 65 49 0
27 65 49 0
28 65 49 0
29 65 49 0
30 65 49 0
31 65 49 0
32 65 50 0
33 65 50 0
34 65 50 0
35 65 47 1
19 66 49 1
20 66 49 0
21 66 49 0
22 66 49 0
23 66 49 0
24 66 49 0
25 66 49 0
26 66 49 0
27 66 49 0
28 66 49 0
29 66 49 0
30 66 49 0
31 66 49 0
32 66 49 0
33 66 50 0
34 66 50 0
35 66 48 1
19 67 49 1
20 67 49 0
21 67 49 0
22 67 49 0
23 67 49 0
24 67 49 0
25 67 49 0
26 67 49 0
27 67 49 0
28 67 49 0
29 67 49 0
30 67 49 0
31 67 49 0
32 67 50 0
33 67 50 0
34 67 50 0
35 67 46 1
19 68 49 1
20 68 49 0
21 68 49 0
22 68 49 0
23 68 49 0
24 68 49 0
25 68 49 0
26 68 49 0
27 68 49 0
28 68 49 0
29 68 49 0
30 68 49 0
31 68 49 0
32 68 50 0
33 68 50 0
34 68 49 0
35 68 46 1
19 69 49 1
20 69 49 0
21 69 49 0
22 69 49 0
23 69 49 0
24 69 49 0
25 69 49 0
26 69 49 0
27 69 49 0
28 69 49 0
29 69 49 0
30 69 49 0
31 69 49 0
32 69 49 0
33 69 49 0
34 69 49 0
35 69 46 1
19 70 49 1
20 70 49 0
21 70 49 0
22 70 49 0
23 70 49 0
24 70 49 0
25 70 49 0
26 70 49 0
27 70 50 0
28 70 49 0
29 70 49 0
30 70 49 0
31 70 49 0
32 70 49 0
33 70 49 0
34 70 49 0
35 70 47 1
20 71 49 1
21 71 49 1
22 71 49 1
23 71 49 1
24 71 49 1
25 71 49 1
26 71 50 1
27 71 50 0
28 71 49 0
29 71 49 0
30 71 49 0
31 71 49 0
32 71 49 0
33 71 49 0
34 71 49 0
35 71 47 1
27 72 49 1
28 72 49 1
29 72 49 1
31 72 49 1
32 72 49 1
33 72 49 1
34 72 49 1
35 72 47 1
35 73 48 1
