55 56 27 1
55 57 27 1
56 57 27 1
57 57 27 1
58 57 27 1
59 57 27 1
60 57 27 1
61 57 27 1
62 57 27 1
63 57 27 1
64 57 27 1
65 57 27 1
66 57 27 1
67 57 27 1
55 58 27 1
56 58 27 0
57 58 27 0
58 58 27 0
59 58 27 0
60 58 27 0
61 58 27 0
62 58 27 0
63 58 27 0
64 58 27 0
65 58 27 0
66 58 27 0
67 58 27 0
68 58 27 1
69 58 27 1
70 58 27 1
55 59 27 1
56 59 27 0
57 59 27 0
58 59 27 0
59 59 27 0
60 59 27 0
61 59 27 0
62 59 27 0
63 59 27 0
64 59 27 0
65 59 27 0
66 59 27 0
67 59 27 0
68 59 27 0
69 59 27 0
70 59 27 1
54 60 27 1
55 60 27 0
56 60 27 0
57 60 27 0
58 60 27 0
59 60 27 0
60 60 27 0
61 60 27 0
62 60 27 0
63 60 27 0
64 60 27 0
65 60 27 0
66 60 27 0
67 60 27 0
68 60 27 0
69 60 27 0
70 60 27 1
54 61 27 1
55 61 27 0
56 61 27 0
57 61 27 0
58 61 27 0
59 61 27 0
60 61 27 0
61 61 27 0
62 61 27 0
63 61 27 0
64 61 27 0
65 61 27 0
66 61 27 0
67 61 27 0
68 61 27 0
69 61 27 0
70 61 27 1
55 62 27 1
56 62 27 0
57 62 27 0
58 62 27 0
59 62 27 0
60 62 27 0
61 62 27 0
62 62 27 0
63 62 27 0
64 62 27 0
65 62 27 0
66 62 27 0
67 62 27 0
68 62 27 0
69 62 27 0
70 62 27 1
55 63 27 1
56 63 27 0
57 63 27 0
58 63 27 0
59 63 27 0
60 63 27 0
61 63 27 0
62 63 27 0
63 63 27 0
64 63 27 0
65 63 27 0
66 63 27 0
67 63 27 0
68 63 27 0
69 63 27 0
70 63 27 1
54 64 27 1
55 64 27 0
56 64 27 0
57 64 27 0
58 64 27 0
59 64 27 0
60 64 27 0
61 64 27 0
62 64 27 0
63 64 27 0
64 64 27 0
65 64 27 0
66 64 27 0
67 64 27 0
68 64 27 0
69 64 27 0
70 64 27 1
54 65 27 1
55 65 27 0
56 65 27 0
57 65 27 0
58 65 27 0
59 65 27 0
60 65 27 0
61 65 27 0
62 65 27 0
63 65 27 0
64 65 27 0
65 65 27 0
66 65 27 0
67 65 27 0
68 65 27 0
69 65 27 0
70 65 27 1
54 66 27 1
55 66 27 0
56 66 27 0
57 66 27 0
58 66 27 0
59 66 27 0
60 66 27 0
61 66 27 0
62 66 27 0
63 66 27 0
64 66 27 0
65 66 27 0
66 66 27 0
67 66 27 0
68 66 27 0
69 66 27 0
70 66 27 1
54 67 27 1
55 67 27 0
56 67 27 0
57 67 27 0
58 67 27 0
59 67 27 0
60 67 27 0
61 67 27 0
62 67 27 0
63 67 27 0
64 67 27 0
65 67 27 0
66 67 27 0
67 67 27 0
68 67 27 0
69 67 27 0
70 67 27 1
54 68 27 1
55 68 27 0
56 68 27 0
57 68 27 0
58 68 27 0
59 68 27 0
60 68 27 0
61 68 27 0
62 68 27 0
63 68 27 0
64 68 27 0
65 68 27 0
66 68 27 0
67 68 27 0
68 68 27 0
69 68 27 0
70 68 27 1
54 69 27 1
55 69 27 0
56 69 27 0
57 69 27 0
58 69 27 0
59 69 27 0
60 69 27 0
61 69 27 0
62 69 27 0
63 69 27 0
64 69 27 0
65 69 27 0
66 69 27 0
67 69 27 0
68 69 27 0
69 69 27 0
70 69 27 1
54 70 27 1
55 70 27 0
56 70 27 0
57 70 27 0
58 70 27 0
59 70 27 0
60 70 27 0
61 70 27 0
62 70 27 0
63 70 27 0
64 70 27 0
65 70 27 0
66 70 27 0
67 70 27 0
68 70 27 0
69 70 27 1
70 70 27 1
71 70 27 1
55 71 27 1
56 71 27 1
57 71 27 1
58 71 27 1
59 71 27 1
60 71 27 1
61 71 27 1
62 71 27 1
63 71 27 1
64 71 27 1
65 71 27 1
66 71 27 1
67 71 27 1
69 71 27 1
