103 56 27 1
104 56 27 1
105 56 27 1
106 56 27 1
107 56 27 1
108 56 27 1
109 56 27 1
110 56 27 1
111 56 27 1
112 56 27 1
113 56 27 1
114 56 27 1
115 56 28 1
116 56 28 1
117 56 28 1
103 57 27 1
104 57 27 0
105 57 27 0
106 57 27 0
107 57 27 0
108 57 27 0
109 57 27 0
110 57 27 0
111 57 27 0
112 57 27 0
113 57 27 0
114 57 27 0
115 57 28 0
116 57 28 0
117 57 28 0
103 58 27 1
104 58 28 0
105 58 28 0
106 58 27 0
107 58 27 0
108 58 27 0
109 58 27 0
110 58 27 0
111 58 27 0
112 58 27 0
113 58 27 0
114 58 27 0
115 58 28 0
116 58 28 0
117 58 28 0
103 59 27 1
104 59 27 0
105 59 27 0
106 59 27 0
107 59 27 0
108 59 27 0
109 59 27 0
110 59 27 0
111 59 27 0
112 59 27 0
113 59 27 0
114 59 27 0
115 59 28 0
116 59 28 0
117 59 28 0
103 60 27 1
104 60 27 0
105 60 27 0
106 60 27 0
107 60 27 0
108 60 27 0
109 60 27 0
110 60 27 0
111 60 27 0
112 60 27 0
113 60 27 0
114 60 27 0
115 60 27 0
116 60 27 0
117 60 28 0
103 61 27 1
104 61 27 0
105 61 27 0
106 61 27 0
107 61 27 0
108 61 27 0
109 61 27 0
110 61 27 0
111 61 27 0
112 61 27 0
113 61 27 0
114 61 27 0
115 61 27 0
116 61 27 0
117 61 28 0
103 62 27 1
104 62 27 0
105 62 27 0
106 62 27 0
107 62 27 0
108 62 27 0
109 62 27 0
110 62 27 0
111 62 27 0
112 62 27 0
113 62 27 0
114 62 27 0
115 62 27 0
116 62 27 0
117 62 27 0
103 63 27 1
104 63 27 0
105 63 27 0
106 63 27 0
107 63 27 0
108 63 27 0
109 63 27 0
110 63 27 0
111 63 27 0
112 63 27 0
113 63 27 0
114 63 27 0
115 63 27 0
116 63 27 0
117 63 27 0
103 64 27 1
104 64 27 0
105 64 27 0
106 64 27 0
107 64 27 0
108 64 27 0
109 64 27 0
110 64 27 0
111 64 27 0
112 64 27 0
113 64 27 0
114 64 27 0
115 64 27 0
116 64 27 0
117 64 27 0
102 65 27 1
103 65 27 0
104 65 27 0
105 65 27 0
106 65 27 0
107 65 27 0
108 65 27 0
109 65 27 0
110 65 27 0
111 65 27 0
112 65 27 0
113 65 27 0
114 65 27 0
115 65 27 0
116 65 27 0
117 65 27 0
102 66 27 1
103 66 27 0
104 66 27 0
105 66 27 0
106 66 27 0
107 66 27 0
108 66 27 0
109 66 27 0
110 66 27 0
111 66 27 0
112 66 27 0
113 66 27 0
114 66 27 0
115 66 27 0
116 66 27 0
117 66 27 0
102 67 27 1
103 67 27 0
104 67 27 0
105 67 27 0
106 67 27 0
107 67 27 0
108 67 27 0
109 67 27 0
110 67 27 0
111 67 27 0
112 67 27 0
113 67 27 0
114 67 27 0
115 67 27 0
116 67 27 0
117 67 27 0
102 68 27 1
103 68 27 0
104 68 27 0
105 68 27 0
106 68 27 0
107 68 27 0
108 68 27 0
109 68 27 0
110 68 27 0
111 68 27 0
112 68 27 0
113 68 27 0
114 68 27 0
115 68 27 0
116 68 27 0
117 68 27 0
102 69 27 1
103 69 27 0
104 69 27 0
105 69 27 0
106 69 27 0
107 69 27 0
108 69 27 0
109 69 27 0
110 69 27 0
111 69 27 0
112 69 27 0
113 69 27 0
114 69 27 0
115 69 27 0
116 69 27 0
117 69 27 0
103 70 27 1
104 70 27 1
105 70 27 1
106 70 27 1
107 70 27 1
108 70 27 1
109 70 27 1
110 70 27 1
111 70 27 1
112 70 27 1
113 70 27 1
114 70 27 1
115 70 27 1
116 70 27 1
117 70 27 1
