40 70 27 1
44 70 27 1
45 70 27 1
46 70 27 1
39 71 27 1
40 71 27 1
41 71 27 1
42 71 27 1
43 71 27 1
44 71 27 0
45 71 27 0
46 71 27 0
47 71 27 1
48 71 27 1
49 71 27 1
50 71 27 1
51 71 27 1
52 71 27 1
53 71 27 1
54 71 27 1
38 72 33 1
39 72 27 0
40 72 27 0
41 72 27 0
42 72 27 0
43 72 27 0
44 72 27 0
45 72 27 0
46 72 27 0
47 72 27 0
48 72 27 0
49 72 27 0
50 72 27 0
51 72 27 0
52 72 27 0
53 72 27 0
54 72 27 1
38 73 33 1
39 73 27 0
40 73 27 0
41 73 27 0
42 73 27 0
43 73 27 0
44 73 27 0
45 73 27 0
46 73 27 0
47 73 27 0
48 73 27 0
49 73 27 0
50 73 27 0
51 73 27 0
52 73 27 0
53 73 27 0
54 73 27 1
38 74 33 1
39 74 27 0
40 74 27 0
41 74 27 0
42 74 27 0
43 74 27 0
44 74 27 0
45 74 27 0
46 74 27 0
47 74 27 0
48 74 27 0
49 74 27 0
50 74 27 0
51 74 27 0
52 74 27 0
53 74 27 0
54 74 27 1
38 75 33 1
39 75 27 0
40 75 27 0
41 75 27 0
42 75 27 0
43 75 27 0
44 75 27 0
45 75 27 0
46 75 27 0
47 75 27 0
48 75 27 0
49 75 27 0
50 75 27 0
51 75 27 0
52 75 27 0
53 75 27 0
54 75 27 1
38 76 35 1
39 76 27 0
40 76 27 0
41 76 27 0
42 76 27 0
43 76 27 0
44 76 27 0
45 76 27 0
46 76 27 0
47 76 27 0
48 76 27 0
49 76 27 0
50 76 27 0
51 76 27 0
52 76 27 0
53 76 27 0
54 76 27 1
38 77 34 1
39 77 27 0
40 77 27 0
41 77 27 0
42 77 27 0
43 77 27 0
44 77 27 0
45 77 27 0
46 77 27 0
47 77 27 0
48 77 27 0
49 77 27 0
50 77 27 0
51 77 27 0
52 77 27 0
53 77 27 0
54 77 27 1
38 78 36 1
39 78 27 0
40 78 27 0
41 78 27 0
42 78 27 0
43 78 27 0
44 78 27 0
45 78 27 0
46 78 27 0
47 78 27 0
48 78 27 0
49 78 27 0
50 78 27 0
51 78 27 0
52 78 27 0
53 78 27 0
54 78 27 1
38 79 35 1
39 79 27 0
40 79 27 0
41 79 27 0
42 79 27 0
43 79 27 0
44 79 27 0
45 79 27 0
46 79 27 0
47 79 27 0
48 79 27 0
49 79 27 0
50 79 27 0
51 79 27 0
52 79 27 0
53 79 27 0
54 79 27 1
38 80 35 1
39 80 27 0
40 80 27 0
41 80 27 0
42 80 27 0
43 80 27 0
44 80 27 0
45 80 27 0
46 80 27 0
47 80 27 0
48 80 27 0
49 80 27 0
50 80 27 0
51 80 27 0
52 80 27 0
53 80 27 0
54 80 27 1
38 81 36 1
39 81 27 0
40 81 27 0
41 81 27 0
42 81 27 0
43 81 27 0
44 81 27 0
45 81 27 0
46 81 27 0
47 81 27 0
48 81 27 0
49 81 27 0
50 81 27 0
51 81 27 0
52 81 27 0
53 81 27 0
54 81 27 1
38 82 38 1
39 82 32 0
40 82 27 0
41 82 27 0
42 82 27 0
43 82 27 0
44 82 27 0
45 82 27 0
46 82 27 0
47 82 27 0
48 82 27 0
49 82 27 0
50 82 27 0
51 82 27 0
52 82 27 0
53 82 27 0
54 82 27 1
38 83 39 1
39 83 31 0
40 83 27 0
41 83 27 0
42 83 27 0
43 83 27 0
44 83 27 0
45 83 27 0
46 83 27 0
47 83 27 0
48 83 27 0
49 83 27 0
50 83 27 0
51 83 27 0
52 83 27 0
53 83 27 0
54 83 27 1
38 84 36 1
39 84 27 0
40 84 27 0
41 84 27 0
42 84 27 0
43 84 27 0
44 84 27 0
45 84 27 0
46 84 27 0
47 84 27 0
48 84 27 0
49 84 27 0
50 84 27 0
51 84 27 0
52 84 27 0
53 84 27 0
54 84 27 1
38 85 36 1
39 85 27 0
40 85 27 0
41 85 27 0
42 85 27 0
43 85 27 0
44 85 27 0
45 85 27 0
46 85 27 0
47 85 27 0
48 85 27 0
49 85 27 0
50 85 27 0
51 85 27 0
52 85 27 0
53 85 27 0
54 85 27 1
