88 70 27 1
89 70 27 1
90 70 27 1
91 70 27 1
92 70 27 1
93 70 27 1
94 70 27 1
95 70 27 1
96 70 27 1
97 70 27 1
98 70 27 1
99 70 27 1
100 70 27 1
101 70 27 1
102 70 27 1
88 71 27 1
89 71 27 0
90 71 27 0
91 71 27 0
92 71 27 0
93 71 27 0
94 71 27 0
95 71 27 0
96 71 27 0
97 71 27 0
98 71 27 0
99 71 27 0
100 71 27 0
101 71 27 0
102 71 27 1
88 72 27 1
89 72 27 0
90 72 27 0
91 72 27 0
92 72 27 0
93 72 27 0
94 72 27 0
95 72 27 0
96 72 27 0
97 72 27 0
98 72 27 0
99 72 27 0
100 72 27 0
101 72 27 0
102 72 27 1
88 73 27 1
89 73 27 0
90 73 27 0
91 73 27 0
92 73 27 0
93 73 27 0
94 73 27 0
95 73 27 0
96 73 27 0
97 73 27 0
98 73 27 0
99 73 27 0
100 73 27 0
101 73 27 0
102 73 27 1
88 74 27 1
89 74 27 0
90 74 27 0
91 74 27 0
92 74 27 0
93 74 27 0
94 74 27 0
95 74 27 0
96 74 27 0
97 74 27 0
98 74 27 0
99 74 27 0
100 74 27 0
101 74 27 0
102 74 27 1
88 75 27 1
89 75 27 0
90 75 27 0
91 75 27 0
92 75 27 0
93 75 27 0
94 75 27 0
95 75 27 0
96 75 27 0
97 75 27 0
98 75 27 0
99 75 27 0
100 75 27 0
101 75 27 0
102 75 27 1
88 76 27 1
89 76 27 0
90 76 27 0
91 76 27 0
92 76 27 0
93 76 27 0
94 76 27 0
95 76 27 0
96 76 27 0
97 76 27 0
98 76 27 0
99 76 27 0
100 76 27 0
101 76 27 0
102 76 27 1
88 77 27 1
89 77 27 0
90 77 27 0
91 77 27 0
92 77 27 0
93 77 27 0
94 77 27 0
95 77 27 0
96 77 27 0
97 77 27 0
98 77 27 0
99 77 27 0
100 77 27 0
101 77 27 0
102 77 27 1
88 78 27 1
89 78 27 0
90 78 27 0
91 78 27 0
92 78 27 0
93 78 27 0
94 78 27 0
95 78 27 0
96 78 27 0
97 78 27 0
98 78 27 0
99 78 27 0
100 78 27 0
101 78 27 0
102 78 27 1
88 79 27 1
89 79 27 0
90 79 27 0
91 79 27 0
92 79 27 0
93 79 27 0
94 79 27 0
95 79 27 0
96 79 27 0
97 79 27 0
98 79 27 0
99 79 27 0
100 79 27 0
101 79 27 0
102 79 27 1
88 80 27 1
89 80 27 0
90 80 27 0
91 80 27 0
92 80 27 0
93 80 27 0
94 80 27 0
95 80 27 0
96 80 27 0
97 80 27 0
98 80 27 0
99 80 27 0
100 80 27 0
101 80 27 0
102 80 27 1
88 81 27 1
89 81 27 0
90 81 27 0
91 81 27 0
92 81 27 0
93 81 27 0
94 81 27 0
95 81 27 0
96 81 27 0
97 81 27 0
98 81 27 0
99 81 27 0
100 81 27 0
101 81 27 0
102 81 27 1
88 82 27 1
89 82 27 0
90 82 27 0
91 82 27 0
92 82 27 0
93 82 27 0
94 82 27 0
95 82 27 0
96 82 27 0
97 82 27 0
98 82 27 0
99 82 27 0
100 82 27 0
101 82 27 0
102 82 27 1
88 83 27 1
89 83 27 0
90 83 27 0
91 83 27 0
92 83 27 0
93 83 27 0
94 83 27 0
95 83 27 0
96 83 27 0
97 83 27 0
98 83 27 0
99 83 27 0
100 83 27 0
101 83 27 0
102 83 27 1
88 84 27 1
89 84 27 0
90 84 27 0
91 84 27 0
92 84 27 0
93 84 27 0
94 84 27 0
95 84 27 0
96 84 27 0
97 84 27 0
98 84 27 0
99 84 27 0
100 84 27 0
101 84 27 0
102 84 27 1
88 85 27 1
89 85 27 0
90 85 27 0
91 85 27 0
92 85 27 0
93 85 27 0
94 85 27 0
95 85 27 0
96 85 27 0
97 85 27 0
98 85 27 0
99 85 27 0
100 85 27 0
101 85 27 0
102 85 27 1
