0 71 49 1
1 71 49 1
2 71 49 1
3 71 49 1
4 71 49 1
5 71 49 1
6 71 49 1
7 71 49 1
8 71 49 1
10 71 49 1
11 71 49 1
12 71 49 1
0 72 49 0
1 72 49 0
2 72 49 0
3 72 49 0
4 72 49 0
5 72 49 0
6 72 49 0
7 72 49 0
8 72 49 0
9 72 49 0
10 72 49 0
11 72 49 0
12 72 49 0
13 72 49 1
14 72 49 1
15 72 49 1
16 72 49 1
17 72 49 1
0 73 49 0
1 73 49 0
2 73 49 0
3 73 49 0
4 73 49 0
5 73 49 0
6 73 49 0
7 73 49 0
8 73 49 0
9 73 49 0
10 73 49 0
11 73 49 0
12 73 49 0
13 73 49 0
14 73 49 0
15 73 49 0
16 73 49 0
17 73 49 1
0 74 49 0
1 74 49 0
2 74 49 0
3 74 49 0
4 74 49 0
5 74 49 0
6 74 49 0
7 74 49 0
8 74 49 0
9 74 49 0
10 74 49 0
11 74 49 0
12 74 49 0
13 74 49 0
14 74 49 0
15 74 49 0
16 74 49 0
17 74 49 1
0 75 49 0
1 75 49 0
2 75 49 0
3 75 49 0
4 75 49 0
5 75 49 0
6 75 49 0
7 75 49 0
8 75 49 0
9 75 49 0
10 75 49 0
11 75 49 0
12 75 49 0
13 75 49 0
14 75 49 0
15 75 49 0
16 75 49 0
17 75 49 1
0 76 49 0
1 76 49 0
2 76 49 0
3 76 49 0
4 76 49 0
5 76 49 0
6 76 49 0
7 76 49 0
8 76 49 0
9 76 49 0
10 76 49 0
11 76 49 0
12 76 49 0
13 76 49 0
14 76 49 0
15 76 49 0
16 76 49 0
17 76 49 1
0 77 49 0
1 77 49 0
2 77 49 0
3 77 49 0
4 77 49 0
5 77 49 0
6 77 49 0
7 77 49 0
8 77 49 0
9 77 49 0
10 77 49 0
11 77 49 0
12 77 49 0
13 77 49 0
14 77 49 0
15 77 49 0
16 77 49 0
17 77 49 1
0 78 49 0
1 78 49 0
2 78 49 0
3 78 49 0
4 78 49 0
5 78 49 0
6 78 49 0
7 78 49 0
8 78 49 0
9 78 49 0
10 78 49 0
11 78 49 0
12 78 49 0
13 78 49 0
14 78 49 0
15 78 49 0
16 78 49 0
17 78 49 1
0 79 49 0
1 79 49 0
2 79 49 0
3 79 49 0
4 79 49 0
5 79 49 0
6 79 49 0
7 79 49 0
8 79 49 0
9 79 49 0
10 79 49 0
11 79 49 0
12 79 49 0
13 79 49 0
14 79 49 0
15 79 49 0
16 79 49 1
0 80 49 0
1 80 49 0
2 80 49 0
3 80 49 0
4 80 49 0
5 80 49 0
6 80 49 0
7 80 49 0
8 80 49 0
9 80 49 0
10 80 49 0
11 80 49 0
12 80 49 0
13 80 49 0
14 80 49 0
15 80 49 0
16 80 49 1
0 81 49 0
1 81 49 0
2 81 49 0
3 81 49 0
4 81 49 0
5 81 49 0
6 81 49 0
7 81 49 0
8 81 49 0
9 81 49 0
10 81 49 0
11 81 49 0
12 81 49 0
13 81 49 0
14 81 49 0
15 81 49 0
16 81 49 1
0 82 49 0
1 82 49 0
2 82 49 0
3 82 49 0
4 82 49 0
5 82 49 0
6 82 49 0
7 82 49 0
8 82 49 0
9 82 49 0
10 82 49 0
11 82 49 0
12 82 49 0
13 82 49 0
14 82 49 0
15 82 49 0
16 82 49 1
0 83 49 0
1 83 49 0
2 83 49 0
3 83 49 0
4 83 49 0
5 83 49 0
6 83 49 0
7 83 49 0
8 83 49 0
9 83 49 0
10 83 49 0
11 83 49 0
12 83 49 0
13 83 49 0
14 83 49 0
15 83 49 0
16 83 49 0
17 83 49 1
0 84 49 0
1 84 49 0
2 84 49 0
3 84 49 0
4 84 49 0
5 84 49 0
6 84 49 0
7 84 49 0
8 84 49 0
9 84 49 0
10 84 49 0
11 84 49 0
12 84 49 0
13 84 49 0
14 84 49 0
15 84 49 0
16 84 49 0
17 84 49 1
0 85 49 0
1 85 49 0
2 85 49 0
3 85 49 0
4 85 49 0
5 85 49 0
6 85 49 0
7 85 49 0
8 85 49 0
9 85 49 0
10 85 49 0
11 85 49 0
12 85 49 0
13 85 49 0
14 85 49 0
15 85 49 0
16 85 49 0
17 85 49 1
