18 71 49 1
19 71 49 1
18 72 49 1
19 72 49 0
20 72 49 1
21 72 49 1
22 72 49 1
23 72 49 1
24 72 49 1
25 72 49 1
26 72 49 1
30 72 49 1
18 73 49 1
19 73 49 0
20 73 49 0
21 73 49 0
22 73 49 0
23 73 49 0
24 73 49 0
25 73 49 0
26 73 49 0
27 73 49 1
28 73 49 1
29 73 49 1
30 73 49 1
31 73 49 1
32 73 49 1
33 73 49 1
34 73 49 1
18 74 49 1
19 74 49 0
20 74 49 0
21 74 49 0
22 74 49 0
23 74 49 0
24 74 49 0
25 74 49 0
26 74 49 0
27 74 49 0
28 74 49 0
29 74 49 0
30 74 49 0
31 74 49 0
32 74 49 0
33 74 49 0
34 74 49 0
35 74 48 1
18 75 49 1
19 75 49 0
20 75 49 0
21 75 49 0
22 75 49 0
23 75 49 0
24 75 49 0
25 75 49 0
26 75 49 0
27 75 49 0
28 75 49 0
29 75 49 0
30 75 49 0
31 75 49 0
32 75 49 0
33 75 49 0
34 75 49 0
35 75 48 1
18 76 49 1
19 76 49 0
20 76 49 0
21 76 49 0
22 76 49 0
23 76 49 0
24 76 49 0
25 76 49 0
26 76 49 0
27 76 49 0
28 76 49 0
29 76 49 0
30 76 49 0
31 76 49 0
32 76 49 0
33 76 49 0
34 76 49 0
35 76 48 1
18 77 49 1
19 77 49 0
20 77 49 0
21 77 49 0
22 77 49 0
23 77 49 0
24 77 49 0
25 77 49 0
26 77 49 0
27 77 49 0
28 77 49 0
29 77 49 0
30 77 49 0
31 77 49 0
32 77 49 0
33 77 49 0
34 77 49 0
35 77 49 1
18 78 49 1
19 78 49 0
20 78 49 0
21 78 49 0
22 78 49 0
23 78 49 0
24 78 49 0
25 78 49 0
26 78 49 0
27 78 49 0
28 78 49 0
29 78 49 0
30 78 49 0
31 78 49 0
32 78 49 0
33 78 49 0
34 78 49 0
35 78 49 1
17 79 49 1
18 79 49 0
19 79 49 0
20 79 49 0
21 79 49 0
22 79 49 0
23 79 49 0
24 79 49 0
25 79 49 0
26 79 49 0
27 79 49 0
28 79 49 0
29 79 49 0
30 79 49 0
31 79 49 0
32 79 49 0
33 79 49 0
34 79 49 0
35 79 49 1
17 80 49 1
18 80 49 0
19 80 49 0
20 80 49 0
21 80 49 0
22 80 49 0
23 80 49 0
24 80 49 0
25 80 49 0
26 80 49 0
27 80 49 0
28 80 49 0
29 80 49 0
30 80 49 0
31 80 49 0
32 80 49 0
33 80 49 0
34 80 49 0
35 80 49 1
17 81 49 1
18 81 49 0
19 81 49 0
20 81 49 0
21 81 49 0
22 81 49 0
23 81 49 0
24 81 49 0
25 81 49 0
26 81 49 0
27 81 49 0
28 81 49 0
29 81 49 0
30 81 49 0
31 81 49 0
32 81 49 0
33 81 49 0
34 81 49 0
35 81 49 1
17 82 49 1
18 82 49 0
19 82 49 0
20 82 49 0
21 82 49 0
22 82 49 0
23 82 49 0
24 82 49 0
25 82 49 0
26 82 49 0
27 82 49 0
28 82 49 0
29 82 49 0
30 82 49 0
31 82 49 0
32 82 49 0
33 82 49 0
34 82 49 0
35 82 49 1
18 83 49 1
19 83 49 0
20 83 49 0
21 83 49 0
22 83 49 0
23 83 49 0
24 83 49 0
25 83 49 0
26 83 49 0
27 83 49 0
28 83 49 0
29 83 49 0
30 83 49 0
31 83 49 0
32 83 49 0
33 83 49 0
34 83 49 0
35 83 49 1
18 84 49 1
19 84 49 0
20 84 49 0
21 84 49 0
22 84 49 0
23 84 49 0
24 84 49 0
25 84 49 0
26 84 49 0
27 84 49 0
28 84 49 0
29 84 49 0
30 84 49 0
31 84 49 0
32 84 49 0
33 84 49 0
34 84 49 0
35 84 49 1
18 85 49 1
19 85 49 0
20 85 49 0
21 85 49 0
22 85 49 0
23 85 49 0
24 85 49 0
25 85 49 0
26 85 49 0
27 85 49 0
28 85 49 0
29 85 49 0
30 85 49 0
31 85 49 0
32 85 49 0
33 85 49 0
34 85 49 0
35 85 49 1
