68 71 27 1
70 71 27 1
71 71 27 1
55 72 27 1
56 72 27 1
57 72 27 1
58 72 27 1
59 72 27 1
60 72 27 1
61 72 27 1
62 72 27 1
63 72 27 1
64 72 27 1
65 72 27 1
66 72 27 1
67 72 27 1
68 72 27 1
69 72 27 0
70 72 27 0
71 72 27 1
55 73 27 1
56 73 27 0
57 73 27 0
58 73 27 0
59 73 27 0
60 73 27 0
61 73 27 0
62 73 27 0
63 73 27 0
64 73 27 0
65 73 27 0
66 73 27 0
67 73 27 0
68 73 27 0
69 73 27 0
70 73 27 0
71 73 27 1
55 74 27 1
56 74 27 0
57 74 27 0
58 74 27 0
59 74 27 0
60 74 27 0
61 74 27 0
62 74 27 0
63 74 27 0
64 74 27 0
65 74 27 0
66 74 27 0
67 74 27 0
68 74 27 0
69 74 27 0
70 74 27 0
71 74 27 1
55 75 27 1
56 75 27 0
57 75 27 0
58 75 27 0
59 75 27 0
60 75 27 0
61 75 27 0
62 75 27 0
63 75 27 0
64 75 27 0
65 75 27 0
66 75 27 0
67 75 27 0
68 75 27 0
69 75 27 0
70 75 27 0
71 75 27 1
55 76 27 1
56 76 27 0
57 76 27 0
58 76 27 0
59 76 27 0
60 76 27 0
61 76 27 0
62 76 27 0
63 76 27 0
64 76 27 0
65 76 27 0
66 76 27 0
67 76 27 0
68 76 27 0
69 76 27 0
70 76 27 0
71 76 27 1
55 77 27 1
56 77 27 0
57 77 27 0
58 77 27 0
59 77 27 0
60 77 27 0
61 77 27 0
62 77 27 0
63 77 27 0
64 77 27 0
65 77 27 0
66 77 27 0
67 77 27 0
68 77 27 0
69 77 27 0
70 77 27 0
71 77 27 1
55 78 27 1
56 78 27 0
57 78 27 0
58 78 27 0
59 78 27 0
60 78 27 0
61 78 27 0
62 78 27 0
63 78 27 0
64 78 27 0
65 78 27 0
66 78 27 0
67 78 27 0
68 78 27 0
69 78 27 0
70 78 27 0
71 78 27 1
55 79 27 1
56 79 27 0
57 79 27 0
58 79 27 0
59 79 27 0
60 79 27 0
61 79 27 0
62 79 27 0
63 79 27 0
64 79 27 0
65 79 27 0
66 79 27 0
67 79 27 0
68 79 27 0
69 79 27 0
70 79 27 0
71 79 27 1
55 80 27 1
56 80 27 0
57 80 27 0
58 80 27 0
59 80 27 0
60 80 27 0
61 80 27 0
62 80 27 0
63 80 27 0
64 80 27 0
65 80 27 0
66 80 27 0
67 80 27 0
68 80 27 0
69 80 27 0
70 80 27 0
71 80 27 1
55 81 27 1
56 81 27 0
57 81 27 0
58 81 27 0
59 81 27 0
60 81 27 0
61 81 27 0
62 81 27 0
63 81 27 0
64 81 27 0
65 81 27 0
66 81 27 0
67 81 27 0
68 81 27 0
69 81 27 0
70 81 27 0
71 81 27 1
55 82 27 1
56 82 27 0
57 82 27 0
58 82 27 0
59 82 27 0
60 82 27 0
61 82 27 0
62 82 27 0
63 82 27 0
64 82 27 0
65 82 27 0
66 82 27 0
67 82 27 0
68 82 27 0
69 82 27 0
70 82 27 0
71 82 27 1
55 83 27 1
56 83 27 0
57 83 27 0
58 83 27 0
59 83 27 0
60 83 27 0
61 83 27 0
62 83 27 0
63 83 27 0
64 83 27 0
65 83 27 0
66 83 27 0
67 83 27 0
68 83 27 0
69 83 27 0
70 83 27 0
71 83 27 1
55 84 27 1
56 84 27 0
57 84 27 0
58 84 27 0
59 84 27 0
60 84 27 0
61 84 27 0
62 84 27 0
63 84 27 0
64 84 27 0
65 84 27 0
66 84 27 0
67 84 27 0
68 84 27 0
69 84 27 0
70 84 27 0
71 84 27 1
55 85 27 1
56 85 27 0
57 85 27 0
58 85 27 0
59 85 27 0
60 85 27 0
61 85 27 0
62 85 27 0
63 85 27 0
64 85 27 0
65 85 27 0
66 85 27 0
67 85 27 0
68 85 27 0
69 85 27 0
70 85 27 0
71 85 27 1
