72 71 27 1
73 71 27 1
74 71 27 1
75 71 27 1
76 71 27 1
77 71 27 1
78 71 27 1
79 71 27 1
80 71 27 1
81 71 27 1
82 71 27 1
83 71 27 1
84 71 27 1
85 71 27 1
86 71 27 1
87 71 27 1
72 72 27 1
73 72 27 0
74 72 27 0
75 72 27 0
76 72 27 0
77 72 27 0
78 72 27 0
79 72 27 0
80 72 27 0
81 72 27 0
82 72 27 0
83 72 27 0
84 72 27 0
85 72 27 0
86 72 27 0
87 72 27 1
72 73 27 1
73 73 27 0
74 73 27 0
75 73 27 0
76 73 27 0
77 73 27 0
78 73 27 0
79 73 27 0
80 73 27 0
81 73 27 0
82 73 27 0
83 73 27 0
84 73 27 0
85 73 27 0
86 73 27 0
87 73 27 1
72 74 27 1
73 74 27 0
74 74 27 0
75 74 27 0
76 74 27 0
77 74 27 0
78 74 27 0
79 74 27 0
80 74 27 0
81 74 27 0
82 74 27 0
83 74 27 0
84 74 27 0
85 74 27 0
86 74 27 0
87 74 27 1
72 75 27 1
73 75 27 0
74 75 27 0
75 75 27 0
76 75 27 0
77 75 27 0
78 75 27 0
79 75 27 0
80 75 27 0
81 75 27 0
82 75 27 0
83 75 27 0
84 75 27 0
85 75 27 0
86 75 27 0
87 75 27 1
72 76 27 1
73 76 27 0
74 76 27 0
75 76 27 0
76 76 27 0
77 76 27 0
78 76 27 0
79 76 27 0
80 76 27 0
81 76 27 0
82 76 27 0
83 76 27 0
84 76 27 0
85 76 27 0
86 76 27 0
87 76 27 1
72 77 27 1
73 77 27 0
74 77 27 0
75 77 27 0
76 77 27 0
77 77 27 0
78 77 27 0
79 77 27 0
80 77 27 0
81 77 27 0
82 77 27 0
83 77 27 0
84 77 27 0
85 77 27 0
86 77 27 0
87 77 27 1
72 78 27 1
73 78 27 0
74 78 27 0
75 78 27 0
76 78 27 0
77 78 27 0
78 78 27 0
79 78 27 0
80 78 27 0
81 78 27 0
82 78 27 0
83 78 27 0
84 78 27 0
85 78 27 0
86 78 27 0
87 78 27 1
72 79 27 1
73 79 27 0
74 79 27 0
75 79 27 0
76 79 27 0
77 79 27 0
78 79 27 0
79 79 27 0
80 79 27 0
81 79 27 0
82 79 27 0
83 79 27 0
84 79 27 0
85 79 27 0
86 79 27 0
87 79 27 1
72 80 27 1
73 80 27 0
74 80 27 0
75 80 27 0
76 80 27 0
77 80 27 0
78 80 27 0
79 80 27 0
80 80 27 0
81 80 27 0
82 80 27 0
83 80 27 0
84 80 27 0
85 80 27 0
86 80 27 0
87 80 27 1
72 81 27 1
73 81 27 0
74 81 27 0
75 81 27 0
76 81 27 0
77 81 27 0
78 81 27 0
79 81 27 0
80 81 27 0
81 81 27 0
82 81 27 0
83 81 27 0
84 81 27 0
85 81 27 0
86 81 27 0
87 81 27 1
72 82 27 1
73 82 27 0
74 82 27 0
75 82 27 0
76 82 27 0
77 82 27 0
78 82 27 0
79 82 27 0
80 82 27 0
81 82 27 0
82 82 27 0
83 82 27 0
84 82 27 0
85 82 27 0
86 82 27 0
87 82 27 1
72 83 27 1
73 83 27 0
74 83 27 0
75 83 27 0
76 83 27 0
77 83 27 0
78 83 27 0
79 83 27 0
80 83 27 0
81 83 27 0
82 83 27 0
83 83 27 0
84 83 27 0
85 83 27 0
86 83 27 0
87 83 27 1
72 84 27 1
73 84 27 0
74 84 27 0
75 84 27 0
76 84 27 0
77 84 27 0
78 84 27 0
79 84 27 0
80 84 27 0
81 84 27 0
82 84 27 0
83 84 27 0
84 84 27 0
85 84 27 0
86 84 27 0
87 84 27 1
72 85 27 1
73 85 27 0
74 85 27 0
75 85 27 0
76 85 27 0
77 85 27 0
78 85 27 0
79 85 27 0
80 85 27 0
81 85 27 0
82 85 27 0
83 85 27 0
84 85 27 0
85 85 27 0
86 85 27 0
87 85 27 1
