103 71 27 1
104 71 27 1
105 71 27 1
106 71 27 1
107 71 27 1
108 71 27 1
109 71 27 1
110 71 27 1
111 71 27 1
112 71 27 1
113 71 27 1
114 71 27 1
115 71 27 1
116 71 27 1
117 71 27 1
103 72 27 1
104 72 27 0
105 72 27 0
106 72 27 0
107 72 27 0
108 72 27 0
109 72 27 0
110 72 27 0
111 72 27 0
112 72 27 0
113 72 27 0
114 72 27 0
115 72 27 0
116 72 27 0
117 72 27 0
103 73 27 1
104 73 27 0
105 73 27 0
106 73 27 0
107 73 27 0
108 73 27 0
109 73 27 0
110 73 27 0
111 73 27 0
112 73 27 0
113 73 27 0
114 73 27 0
115 73 27 0
116 73 27 0
117 73 27 0
103 74 27 1
104 74 27 0
105 74 27 0
106 74 27 0
107 74 27 0
108 74 27 0
109 74 27 0
110 74 27 0
111 74 27 0
112 74 27 0
113 74 27 0
114 74 27 0
115 74 27 0
116 74 27 0
117 74 27 0
103 75 27 1
104 75 27 0
105 75 27 0
106 75 27 0
107 75 27 0
108 75 27 0
109 75 27 0
110 75 27 0
111 75 27 0
112 75 27 0
113 75 27 0
114 75 27 0
115 75 27 0
116 75 27 0
117 75 27 0
103 76 27 1
104 76 27 0
105 76 27 0
106 76 27 0
107 76 27 0
108 76 27 0
109 76 27 0
110 76 27 0
111 76 27 0
112 76 27 0
113 76 27 0
114 76 27 0
115 76 27 0
116 76 27 0
117 76 27 0
103 77 27 1
104 77 27 0
105 77 27 0
106 77 27 0
107 77 27 0
108 77 27 0
109 77 27 0
110 77 27 0
111 77 27 0
112 77 27 0
113 77 27 0
114 77 27 0
115 77 27 0
116 77 27 0
117 77 27 0
103 78 27 1
104 78 27 0
105 78 27 0
106 78 27 0
107 78 27 0
108 78 27 0
109 78 27 0
110 78 27 0
111 78 27 0
112 78 27 0
113 78 27 0
114 78 27 0
115 78 27 0
116 78 27 0
117 78 27 0
103 79 27 1
104 79 27 0
105 79 27 0
106 79 27 0
107 79 27 0
108 79 27 0
109 79 27 0
110 79 27 0
111 79 27 0
112 79 27 0
113 79 27 0
114 79 27 0
115 79 27 0
116 79 27 0
117 79 27 0
103 80 27 1
104 80 27 0
105 80 27 0
106 80 27 0
107 80 27 0
108 80 27 0
109 80 27 0
110 80 27 0
111 80 27 0
112 80 27 0
113 80 27 0
114 80 27 0
115 80 27 0
116 80 27 0
117 80 27 0
103 81 27 1
104 81 27 0
105 81 27 0
106 81 27 0
107 81 27 0
108 81 27 0
109 81 27 0
110 81 27 0
111 81 27 0
112 81 27 0
113 81 27 0
114 81 27 0
115 81 27 0
116 81 27 0
117 81 27 0
103 82 27 1
104 82 27 0
105 82 27 0
106 82 27 0
107 82 27 0
108 82 27 0
109 82 27 0
110 82 27 0
111 82 27 0
112 82 27 0
113 82 27 0
114 82 27 0
115 82 27 0
116 82 27 0
117 82 27 0
103 83 27 1
104 83 27 0
105 83 27 0
106 83 27 0
107 83 27 0
108 83 27 0
109 83 27 0
110 83 27 0
111 83 27 0
112 83 27 0
113 83 27 0
114 83 27 0
115 83 27 0
116 83 27 0
117 83 27 0
103 84 27 1
104 84 27 0
105 84 27 0
106 84 27 0
107 84 27 0
108 84 27 0
109 84 27 0
110 84 27 0
111 84 27 0
112 84 27 0
113 84 27 0
114 84 27 0
115 84 27 0
116 84 27 0
117 84 27 0
103 85 27 1
104 85 27 0
105 85 27 0
106 85 27 0
107 85 27 0
108 85 27 0
109 85 27 0
110 85 27 0
111 85 27 0
112 85 27 0
113 85 27 0
114 85 27 0
115 85 27 0
116 85 27 0
117 85 27 0
