25 0 41
25 1 41
26 0 41
28 0 41
28 1 41
45 0 40
45 1 40
46 0 40
48 0 40
48 1 40
69 0 40
69 1 40
70 0 40
72 0 40
72 1 40
93 0 40
93 1 40
94 0 40
96 0 40
96 1 40
25 1 41
25 0 41
26 0 41
27 0 41
25 2 41
26 1 41
26 0 41
27 0 41
28 0 41
28 1 41
28 2 41
45 1 40
45 0 40
46 0 40
47 0 40
45 2 40
46 1 40
46 0 40
47 0 40
48 0 40
48 1 40
48 2 40
69 1 40
69 0 40
70 0 40
71 0 40
69 2 40
70 1 40
70 0 40
71 0 40
72 0 40
72 1 40
72 2 40
93 1 40
93 0 40
94 0 40
95 0 40
93 2 41
94 1 40
94 0 40
95 0 40
96 0 40
96 1 40
96 2 40
25 2 41
25 1 41
26 1 41
27 1 41
27 3 41
26 2 41
26 1 41
27 1 41
28 1 41
28 2 41
28 3 41
27 3 41
45 2 40
45 1 40
46 1 40
47 1 40
45 3 40
46 2 40
46 1 40
47 1 40
48 1 40
48 2 40
48 3 40
69 2 40
69 1 40
70 1 40
71 1 40
69 3 40
70 2 40
70 1 40
71 1 40
72 1 40
72 2 40
72 3 40
93 2 41
93 1 40
94 1 40
95 1 40
95 3 40
94 2 40
94 1 40
95 1 40
96 1 40
96 2 40
96 3 40
95 3 40
24 3 41
24 2 41
25 2 41
26 2 41
24 4 41
25 3 41
25 2 41
26 2 41
27 2 41
27 3 41
27 4 41
45 3 40
45 2 40
46 2 40
47 2 40
45 4 40
46 3 40
46 2 40
47 2 40
48 2 40
48 3 40
48 4 40
69 3 40
69 2 40
70 2 40
71 2 40
69 4 40
70 3 40
70 2 40
71 2 40
72 2 40
72 3 40
72 4 40
92 3 40
92 2 41
93 2 41
94 2 40
92 4 41
93 3 40
93 2 41
94 2 40
95 2 40
95 3 40
95 4 40
24 4 41
24 3 41
25 3 41
26 3 41
24 5 41
25 4 41
25 3 41
26 3 41
27 3 41
27 4 41
27 5 41
45 4 40
45 3 40
46 3 40
47 3 40
45 5 40
46 4 40
46 3 40
47 3 40
48 3 40
48 4 40
48 5 40
69 4 40
69 3 40
70 3 40
71 3 40
69 5 40
70 4 40
70 3 40
71 3 40
72 3 40
72 4 40
72 5 40
92 4 41
92 3 40
93 3 40
94 3 40
92 5 40
93 4 40
93 3 40
94 3 40
95 3 40
95 4 40
95 5 40
24 5 41
24 4 41
25 4 41
26 4 41
24 6 41
25 5 41
25 4 41
26 4 41
27 4 41
27 5 41
27 6 41
45 5 40
45 4 40
46 4 40
47 4 40
45 6 40
46 5 40
46 4 40
47 4 40
48 4 40
48 5 40
48 6 40
69 5 40
69 4 40
70 4 40
71 4 40
71 6 40
70 5 40
70 4 40
71 4 40
72 4 40
72 5 40
72 6 40
71 6 40
92 5 40
92 4 41
93 4 40
94 4 40
92 6 40
93 5 40
93 4 40
94 4 40
95 4 40
95 5 40
95 6 40
24 6 41
24 5 41
25 5 41
26 5 41
24 7 41
25 6 41
25 5 41
26 5 41
27 5 41
27 6 41
27 7 41
45 6 40
45 5 40
46 5 40
47 5 40
45 7 40
46 6 40
46 5 40
47 5 40
48 5 40
48 6 40
48 7 40
68 6 40
68 5 40
69 5 40
70 5 40
68 7 40
69 6 40
69 5 40
70 5 40
71 5 40
71 6 40
71 7 40
92 6 40
92 5 40
93 5 40
94 5 40
92 7 40
93 6 40
93 5 40
94 5 40
95 5 40
95 6 40
95 7 40
24 7 41
24 6 41
25 6 41
26 6 41
26 8 40
25 7 40
25 6 41
26 6 41
27 6 41
27 7 41
27 8 40
26 8 40
45 7 40
45 6 40
46 6 40
47 6 40
45 8 40
46 7 40
46 6 40
47 6 40
48 6 40
48 7 40
48 8 40
68 7 40
68 6 40
69 6 40
70 6 40
68 8 40
69 7 40
69 6 40
70 6 40
71 6 40
71 7 40
71 8 40
92 7 40
92 6 40
93 6 40
94 6 40
92 8 40
93 7 40
93 6 40
94 6 40
95 6 40
95 7 40
95 8 40
23 8 41
23 7 41
24 7 41
25 7 40
23 9 41
24 8 40
24 7 41
25 7 40
26 7 40
26 8 40
26 9 40
45 8 40
45 7 40
46 7 40
47 7 40
45 9 40
46 8 40
46 7 40
47 7 40
48 7 40
48 8 40
48 9 40
68 8 40
68 7 40
69 7 40
70 7 40
68 9 40
69 8 40
69 7 40
70 7 40
71 7 40
71 8 40
71 9 40
92 8 40
92 7 40
93 7 40
94 7 40
93 9 40
92 9 40
93 8 40
93 7 40
94 7 40
95 7 40
95 8 40
93 9 40
23 9 41
23 8 41
24 8 40
25 8 40
23 10 40
24 9 40
24 8 40
25 8 40
26 8 40
26 9 40
26 10 40
45 9 40
45 8 40
46 8 40
47 8 40
45 10 40
46 9 40
46 8 40
47 8 40
48 8 40
48 9 40
48 10 40
68 9 40
68 8 40
69 8 40
70 8 40
68 10 40
69 9 40
69 8 40
70 8 40
71 8 40
71 9 40
71 10 40
93 9 40
93 8 40
94 8 40
95 8 40
93 10 40
94 9 40
94 8 40
95 8 40
96 8 40
96 9 40
96 10 40
23 10 40
23 9 41
24 9 40
25 9 40
23 11 40
24 10 40
24 9 40
25 9 40
26 9 40
26 10 40
26 11 40
45 10 40
45 9 40
46 9 40
47 9 40
45 11 40
46 10 40
46 9 40
47 9 40
48 9 40
48 10 40
48 11 40
68 10 40
68 9 40
69 9 40
70 9 40
68 11 40
69 10 40
69 9 40
70 9 40
71 9 40
71 10 40
71 11 40
93 10 40
93 9 40
94 9 40
95 9 40
95 11 40
94 10 40
94 9 40
95 9 40
96 9 40
96 10 40
96 11 40
95 11 40
23 11 40
23 10 40
24 10 40
25 10 40
25 12 40
24 11 40
24 10 40
25 10 40
26 10 40
26 11 40
26 12 40
25 12 40
45 11 40
45 10 40
46 10 40
47 10 40
45 12 40
46 11 40
46 10 40
47 10 40
48 10 40
48 11 40
48 12 40
68 11 40
68 10 40
69 10 40
70 10 40
68 12 40
69 11 40
69 10 40
70 10 40
71 10 40
71 11 40
71 12 40
92 11 40
92 10 40
93 10 40
94 10 40
92 12 40
93 11 40
93 10 40
94 10 40
95 10 40
95 11 40
95 12 40
22 12 40
22 11 40
23 11 40
24 11 40
22 13 40
23 12 40
23 11 40
24 11 40
25 11 40
25 12 40
25 13 40
45 12 40
45 11 40
46 11 40
47 11 40
45 13 40
46 12 40
46 11 40
47 11 40
48 11 40
48 12 40
48 13 40
68 12 40
68 11 40
69 11 40
70 11 40
69 13 40
68 13 40
69 12 40
69 11 40
70 11 40
71 11 40
71 12 40
69 13 40
92 12 40
92 11 40
93 11 40
94 11 40
92 13 40
93 12 40
93 11 40
94 11 40
95 11 40
95 12 40
95 13 40
22 13 40
22 12 40
23 12 40
24 12 40
22 14 40
23 13 40
23 12 40
24 12 40
25 12 40
25 13 40
25 14 40
45 13 40
45 12 40
46 12 40
47 12 40
45 14 40
46 13 40
46 12 40
47 12 40
48 12 40
48 13 40
48 14 40
69 13 40
69 12 40
70 12 40
71 12 40
69 14 40
70 13 40
70 12 40
71 12 40
72 12 40
72 13 40
72 14 40
92 13 40
92 12 40
93 12 40
94 12 40
92 14 40
93 13 40
93 12 40
94 12 40
95 12 40
95 13 40
95 14 40
22 14 40
22 13 40
23 13 40
24 13 40
22 15 40
23 14 40
23 13 40
24 13 40
25 13 40
25 14 40
25 15 40
45 14 40
45 13 40
46 13 40
47 13 40
45 15 40
46 14 40
46 13 40
47 13 40
48 13 40
48 14 40
48 15 40
69 14 40
69 13 40
70 13 40
71 13 40
69 15 40
70 14 40
70 13 40
71 13 40
72 13 40
72 14 40
72 15 40
92 14 40
92 13 40
93 13 40
94 13 40
93 15 40
92 15 40
93 14 40
93 13 40
94 13 40
95 13 40
95 14 40
93 15 40
22 15 40
22 14 40
23 14 40
24 14 40
22 16 40
23 15 40
23 14 40
24 14 40
25 14 40
25 15 40
25 16 40
45 15 40
45 14 40
46 14 40
47 14 40
45 16 40
46 15 40
46 14 40
47 14 40
48 14 40
48 15 40
48 16 40
69 15 40
69 14 40
70 14 40
71 14 40
69 16 40
70 15 40
70 14 40
71 14 40
72 14 40
72 15 40
72 16 40
93 15 40
93 14 40
94 14 40
95 14 40
93 16 40
94 15 40
94 14 40
95 14 40
96 14 40
96 15 40
96 16 40
22 16 40
22 15 40
23 15 40
24 15 40
22 17 40
23 16 40
23 15 40
24 15 40
25 15 40
25 16 40
25 17 40
45 16 40
45 15 40
46 15 40
47 15 40
45 17 40
46 16 40
46 15 40
47 15 40
48 15 40
48 16 40
48 17 40
69 16 40
69 15 40
70 15 40
71 15 40
69 17 40
70 16 40
70 15 40
71 15 40
72 15 40
72 16 40
72 17 40
93 16 40
93 15 40
94 15 40
95 15 40
93 17 40
94 16 40
94 15 40
95 15 40
96 15 40
96 16 40
96 17 40
22 17 40
22 16 40
23 16 40
24 16 40
24 18 40
23 17 40
23 16 40
24 16 40
25 16 40
25 17 40
25 18 40
24 18 40
45 17 40
45 16 40
46 16 40
47 16 40
45 18 40
46 17 40
46 16 40
47 16 40
48 16 40
48 17 40
48 18 40
69 17 40
69 16 40
70 16 40
71 16 40
69 18 40
70 17 40
70 16 40
71 16 40
72 16 40
72 17 40
72 18 40
93 17 40
93 16 40
94 16 40
95 16 40
93 18 40
94 17 40
94 16 40
95 16 40
96 16 40
96 17 40
96 18 40
21 18 40
21 17 40
22 17 40
23 17 40
21 19 40
22 18 40
22 17 40
23 17 40
24 17 40
24 18 40
24 19 40
45 18 40
45 17 40
46 17 40
47 17 40
45 19 40
46 18 40
46 17 40
47 17 40
48 17 40
48 18 40
48 19 40
69 18 40
69 17 40
70 17 40
71 17 40
69 19 40
70 18 40
70 17 40
71 17 40
72 17 40
72 18 40
72 19 40
93 18 40
93 17 40
94 17 40
95 17 40
93 19 40
94 18 40
94 17 40
95 17 40
96 17 40
96 18 40
96 19 40
21 19 40
21 18 40
22 18 40
23 18 40
21 20 40
22 19 40
22 18 40
23 18 40
24 18 40
24 19 40
24 20 40
45 19 40
45 18 40
46 18 40
47 18 40
45 20 40
46 19 40
46 18 40
47 18 40
48 18 40
48 19 40
48 20 40
69 19 40
69 18 40
70 18 40
71 18 40
69 20 40
70 19 40
70 18 40
71 18 40
72 18 40
72 19 40
72 20 40
93 19 40
93 18 40
94 18 40
95 18 40
93 20 40
94 19 40
94 18 40
95 18 40
96 18 40
96 19 40
96 20 40
21 20 40
21 19 40
22 19 40
23 19 40
21 21 40
22 20 40
22 19 40
23 19 40
24 19 40
24 20 40
24 21 40
45 20 40
45 19 40
46 19 40
47 19 40
45 21 40
46 20 40
46 19 40
47 19 40
48 19 40
48 20 40
48 21 40
69 20 40
69 19 40
70 19 40
71 19 40
69 21 40
70 20 40
70 19 40
71 19 40
72 19 40
72 20 40
72 21 40
93 20 40
93 19 40
94 19 40
95 19 40
95 21 40
94 20 40
94 19 40
95 19 40
96 19 40
96 20 40
96 21 40
95 21 40
21 21 40
21 20 40
22 20 40
23 20 40
21 22 40
22 21 40
22 20 40
23 20 40
24 20 40
24 21 40
24 22 40
45 21 40
45 20 40
46 20 40
47 20 40
45 22 40
46 21 40
46 20 40
47 20 40
48 20 40
48 21 40
48 22 40
69 21 40
69 20 40
70 20 40
71 20 40
69 22 40
70 21 40
70 20 40
71 20 40
72 20 40
72 21 40
72 22 40
92 21 40
92 20 40
93 20 40
94 20 40
92 22 40
93 21 40
93 20 40
94 20 40
95 20 40
95 21 40
95 22 40
21 22 40
21 21 40
22 21 40
23 21 40
21 23 40
22 22 40
22 21 40
23 21 40
24 21 40
24 22 40
24 23 40
45 22 40
45 21 40
46 21 40
47 21 40
45 23 40
46 22 40
46 21 40
47 21 40
48 21 40
48 22 40
48 23 40
69 22 40
69 21 40
70 21 40
71 21 40
69 23 40
70 22 40
70 21 40
71 21 40
72 21 40
72 22 40
72 23 40
92 22 40
92 21 40
93 21 40
94 21 40
92 23 40
93 22 40
93 21 40
94 21 40
95 21 40
95 22 40
95 23 40
21 23 40
21 22 40
22 22 40
23 22 40
21 24 40
22 23 40
22 22 40
23 22 40
24 22 40
24 23 40
24 24 40
45 23 40
45 22 40
46 22 40
47 22 40
45 24 40
46 23 40
46 22 40
47 22 40
48 22 40
48 23 40
48 24 40
69 23 40
69 22 40
70 22 40
71 22 40
69 24 40
70 23 40
70 22 40
71 22 40
72 22 40
72 23 40
72 24 40
92 23 40
92 22 40
93 22 40
94 22 40
92 24 40
93 23 40
93 22 40
94 22 40
95 22 40
95 23 40
95 24 40
21 24 40
21 23 40
22 23 40
23 23 40
22 24 40
22 23 40
23 23 40
24 23 40
24 24 40
24 25 40
45 24 40
45 23 40
46 23 40
47 23 40
45 25 40
46 24 40
46 23 40
47 23 40
48 23 40
48 24 40
48 25 40
69 24 40
69 23 40
70 23 40
71 23 40
69 25 40
70 24 40
70 23 40
71 23 40
72 23 40
72 24 40
72 25 40
92 24 40
92 23 40
93 23 40
94 23 40
92 25 40
93 24 40
93 23 40
94 23 40
95 23 40
95 24 40
95 25 40
3 25 40
3 24 40
4 24 40
5 24 40
4 25 40
4 24 40
5 24 40
6 24 40
5 25 40
5 24 40
6 24 40
7 24 40
6 25 40
6 24 40
7 24 40
8 24 40
7 25 40
7 24 40
8 24 40
9 24 40
8 25 40
8 24 40
9 24 40
10 24 40
9 25 40
9 24 40
10 24 40
11 24 40
10 25 40
10 24 40
11 24 40
12 24 40
11 25 40
11 24 40
12 24 40
13 24 40
12 25 40
12 24 40
13 24 40
14 24 40
13 25 40
13 24 40
14 24 40
15 24 40
14 25 40
14 24 40
15 24 40
16 24 40
15 25 40
15 24 40
16 24 40
17 24 40
16 25 40
16 24 40
17 24 40
18 24 40
17 25 40
17 24 40
18 24 40
19 24 40
18 25 40
18 24 40
19 24 40
20 24 40
19 25 40
19 24 40
20 24 40
21 24 40
20 25 40
20 24 40
21 24 40
22 24 40
21 25 40
21 24 40
22 24 40
23 24 40
22 25 40
22 24 40
23 24 40
24 24 40
24 25 40
24 26 40
45 25 40
45 24 40
46 24 40
47 24 40
45 26 40
46 25 40
46 24 40
47 24 40
48 24 40
48 25 40
48 26 40
69 25 40
69 24 40
70 24 40
71 24 40
69 26 40
70 25 40
70 24 40
71 24 40
72 24 40
72 25 40
72 26 40
92 25 40
92 24 40
93 24 40
94 24 40
92 26 40
93 25 40
93 24 40
94 24 40
95 24 40
95 25 40
95 26 40
0 25 40
1 25 40
0 26 40
0 25 40
1 25 40
2 25 40
1 26 40
1 25 40
2 25 40
3 25 40
2 26 40
2 25 40
3 25 40
4 25 40
4 27 40
3 26 40
3 25 40
4 25 40
5 25 40
5 27 40
4 27 40
4 26 40
4 25 40
5 25 40
6 25 40
6 27 40
5 27 40
4 27 40
5 26 40
5 25 40
6 25 40
7 25 40
7 27 40
6 27 40
5 27 40
6 26 40
6 25 40
7 25 40
8 25 40
8 27 40
7 27 40
6 27 40
7 26 40
7 25 40
8 25 40
9 25 40
9 27 40
8 27 40
7 27 40
8 26 40
8 25 40
9 25 40
10 25 40
10 27 40
9 27 40
8 27 40
9 26 40
9 25 40
10 25 40
11 25 40
11 27 40
10 27 40
9 27 40
10 26 40
10 25 40
11 25 40
12 25 40
12 27 40
11 27 40
10 27 40
11 26 40
11 25 40
12 25 40
13 25 40
13 27 40
12 27 40
11 27 40
12 26 40
12 25 40
13 25 40
14 25 40
14 27 40
13 27 40
12 27 40
13 26 40
13 25 40
14 25 40
15 25 40
15 27 40
14 27 40
13 27 40
14 26 40
14 25 40
15 25 40
16 25 40
16 27 40
15 27 40
14 27 40
15 26 40
15 25 40
16 25 40
17 25 40
17 27 40
16 27 40
15 27 40
16 26 40
16 25 40
17 25 40
18 25 40
18 27 40
17 27 40
16 27 40
17 26 40
17 25 40
18 25 40
19 25 40
19 27 40
18 27 40
17 27 40
18 26 40
18 25 40
19 25 40
20 25 40
20 27 40
19 27 40
18 27 40
19 26 40
19 25 40
20 25 40
21 25 40
21 27 40
20 27 40
19 27 40
20 26 40
20 25 40
21 25 40
22 25 40
21 27 40
20 27 40
21 26 40
21 25 40
22 25 40
23 25 40
21 27 40
22 26 40
22 25 40
23 25 40
24 25 40
24 26 40
24 27 40
45 26 40
45 25 40
46 25 40
47 25 40
45 27 40
46 26 40
46 25 40
47 25 40
48 25 40
48 26 40
48 27 40
69 26 40
69 25 40
70 25 40
71 25 40
69 27 40
70 26 40
70 25 40
71 25 40
72 25 40
72 26 40
72 27 40
92 26 40
92 25 40
93 25 40
94 25 40
92 27 40
93 26 40
93 25 40
94 25 40
95 25 40
95 26 40
95 27 40
0 26 40
1 26 40
1 28 40
0 28 40
0 27 40
0 26 40
1 26 40
2 26 40
2 28 40
1 28 40
0 28 40
1 27 40
1 26 40
2 26 40
3 26 40
3 28 40
2 28 40
1 28 40
2 27 40
2 26 40
3 26 40
4 26 40
4 27 40
4 28 40
3 28 40
2 28 40
21 27 40
21 26 40
22 26 40
23 26 40
22 28 40
21 28 40
22 27 40
22 26 40
23 26 40
24 26 40
24 27 40
22 28 40
45 27 40
45 26 40
46 26 40
47 26 40
45 28 40
46 27 40
46 26 40
47 26 40
48 26 40
48 27 40
48 28 40
69 27 40
69 26 40
70 26 40
71 26 40
69 28 40
70 27 40
70 26 40
71 26 40
72 26 40
72 27 40
72 28 40
92 27 40
92 26 40
93 26 40
94 26 40
92 28 40
93 27 40
93 26 40
94 26 40
95 26 40
95 27 40
95 28 40
22 28 40
22 27 40
23 27 40
24 27 40
22 29 40
23 28 40
23 27 40
24 27 40
25 27 40
25 28 40
25 29 40
45 28 40
45 27 40
46 27 40
47 27 40
45 29 40
46 28 40
46 27 40
47 27 40
48 27 40
48 28 40
48 29 40
69 28 40
69 27 40
70 27 40
71 27 40
69 29 40
70 28 40
70 27 40
71 27 40
72 27 40
72 28 40
72 29 40
92 28 40
92 27 40
93 27 40
94 27 40
92 29 40
93 28 40
93 27 40
94 27 40
95 27 40
95 28 40
95 29 40
22 29 40
22 28 40
23 28 40
24 28 40
23 30 40
22 30 40
23 29 40
23 28 40
24 28 40
25 28 40
25 29 40
23 30 40
45 29 40
45 28 40
46 28 40
47 28 40
45 30 40
46 29 40
46 28 40
47 28 40
48 28 40
48 29 40
48 30 40
69 29 40
69 28 40
70 28 40
71 28 40
69 30 40
70 29 40
70 28 40
71 28 40
72 28 40
72 29 40
72 30 40
92 29 40
92 28 40
93 28 40
94 28 40
93 29 40
93 28 40
94 28 40
95 28 40
95 29 40
95 30 40
23 30 40
23 29 40
24 29 40
25 29 40
23 31 40
24 30 40
24 29 40
25 29 40
26 29 40
26 30 40
26 31 40
45 30 40
45 29 40
46 29 40
47 29 40
45 31 40
46 30 40
46 29 40
47 29 40
48 29 40
48 30 40
48 31 40
69 30 40
69 29 40
70 29 40
71 29 40
69 31 40
70 30 40
70 29 40
71 29 40
72 29 40
72 30 40
72 31 40
90 30 40
90 29 40
91 29 40
92 29 40
91 30 40
91 29 40
92 29 40
93 29 40
92 30 40
92 29 40
93 29 40
94 29 40
94 31 40
93 30 40
93 29 40
94 29 40
95 29 40
95 30 40
95 31 40
94 31 40
23 31 40
23 30 40
24 30 40
25 30 40
23 32 40
24 31 40
24 30 40
25 30 40
26 30 40
26 31 40
26 32 40
45 31 40
45 30 40
46 30 40
47 30 40
45 32 40
46 31 40
46 30 40
47 30 40
48 30 40
48 31 40
69 31 40
69 30 40
70 30 40
71 30 40
70 31 40
70 30 40
71 30 40
72 30 40
72 31 40
89 31 40
89 30 40
90 30 40
91 30 40
90 31 40
90 30 40
91 30 40
92 30 40
91 31 40
91 30 40
92 30 40
93 30 40
92 31 40
92 30 40
93 30 40
94 30 40
94 31 40
23 32 40
23 31 40
24 31 40
25 31 40
23 33 40
24 32 40
24 31 40
25 31 40
26 31 40
26 32 40
45 32 40
45 31 40
46 31 40
47 31 40
46 33 40
45 33 40
46 32 40
46 31 40
47 31 40
48 31 40
46 33 40
47 32 40
47 31 40
48 31 40
49 31 40
48 32 40
48 31 40
49 31 40
50 31 40
49 32 40
49 31 40
50 31 40
51 31 40
50 32 40
50 31 40
51 31 40
52 31 40
51 32 40
51 31 40
52 31 40
53 31 40
52 32 40
52 31 40
53 31 40
54 31 40
53 32 40
53 31 40
54 31 40
55 31 40
54 32 40
54 31 40
55 31 40
56 31 40
55 32 40
55 31 40
56 31 40
57 31 40
56 32 40
56 31 40
57 31 40
58 31 40
57 32 40
57 31 40
58 31 40
59 31 40
58 32 40
58 31 40
59 31 40
60 31 40
59 32 40
59 31 40
60 31 40
61 31 40
60 32 40
60 31 40
61 31 40
62 31 40
61 32 40
61 31 40
62 31 40
63 31 40
62 32 40
62 31 40
63 31 40
64 31 40
63 32 40
63 31 40
64 31 40
65 31 40
64 32 40
64 31 40
65 31 40
66 31 40
65 32 40
65 31 40
66 31 40
67 31 40
66 32 40
66 31 40
67 31 40
68 31 40
67 32 40
67 31 40
68 31 40
69 31 40
68 32 40
68 31 40
69 31 40
70 31 40
69 32 40
69 31 40
70 31 40
71 31 40
70 32 40
70 31 40
71 31 40
72 31 40
71 32 40
71 31 40
72 31 40
73 31 40
72 32 40
72 31 40
73 31 40
74 31 40
73 32 40
73 31 40
74 31 40
75 31 40
74 32 40
74 31 40
75 31 40
76 31 40
75 32 40
75 31 40
76 31 40
77 31 40
76 32 40
76 31 40
77 31 40
78 31 40
77 32 40
77 31 40
78 31 40
79 31 40
78 32 40
78 31 40
79 31 40
80 31 40
79 32 40
79 31 40
80 31 40
81 31 40
80 32 40
80 31 40
81 31 40
82 31 40
81 32 40
81 31 40
82 31 40
83 31 40
82 32 40
82 31 40
83 31 40
84 31 40
83 32 40
83 31 40
84 31 40
85 31 40
84 32 40
84 31 40
85 31 40
86 31 40
85 32 40
85 31 40
86 31 40
87 31 40
86 32 40
86 31 40
87 31 40
88 31 40
87 32 40
87 31 40
88 31 40
89 31 40
88 32 40
88 31 40
89 31 40
90 31 40
89 32 40
89 31 40
90 31 40
91 31 40
90 32 40
90 31 40
91 31 40
92 31 40
91 32 40
91 31 40
92 31 40
93 31 40
92 32 40
92 31 40
93 31 40
94 31 40
93 32 40
93 31 40
94 31 40
95 31 40
94 32 40
94 31 40
95 31 40
96 31 40
95 32 40
95 31 40
96 31 40
97 31 40
96 32 40
96 31 40
97 31 40
98 31 40
97 32 40
97 31 40
98 31 40
99 31 40
98 32 40
98 31 40
99 31 40
100 31 40
99 32 40
99 31 40
100 31 40
101 31 40
100 32 40
100 31 40
101 31 40
102 31 40
101 32 40
101 31 40
102 31 40
103 31 40
102 32 40
102 31 40
103 31 40
104 31 40
103 32 40
103 31 40
104 31 40
105 31 40
104 32 40
104 31 40
105 31 40
106 31 40
105 32 40
105 31 40
106 31 40
107 31 40
106 32 40
106 31 40
107 31 40
108 31 40
107 32 40
107 31 40
108 31 40
109 31 40
108 32 40
108 31 40
109 31 40
110 31 40
109 32 40
109 31 40
110 31 40
111 31 40
110 32 40
110 31 40
111 31 40
112 31 40
111 32 40
111 31 40
112 31 40
113 31 40
112 32 40
112 31 40
113 31 40
114 31 40
113 32 40
113 31 40
114 31 40
115 31 40
114 32 40
114 31 40
115 31 40
116 31 40
115 32 40
115 31 40
116 31 40
117 31 40
116 32 40
116 31 40
117 31 40
23 33 40
23 32 40
24 32 40
25 32 40
23 34 40
24 33 40
24 32 40
25 32 40
26 32 40
25 33 40
25 32 40
26 32 40
27 32 40
26 33 40
26 32 40
27 32 40
28 32 40
27 33 40
27 32 40
28 32 40
29 32 40
28 33 40
28 32 40
29 32 40
30 32 40
29 33 40
29 32 40
30 32 40
31 32 40
30 33 40
30 32 40
31 32 40
32 32 40
31 33 40
31 32 40
32 32 40
33 32 40
33 33 40
46 33 40
46 32 40
47 32 40
48 32 40
47 33 40
47 32 40
48 32 40
49 32 40
48 33 40
48 32 40
49 32 40
50 32 40
49 33 40
49 32 40
50 32 40
51 32 40
50 33 40
50 32 40
51 32 40
52 32 40
51 33 40
51 32 40
52 32 40
53 32 40
53 34 40
52 33 40
52 32 40
53 32 40
54 32 40
54 34 40
53 34 40
53 33 40
53 32 40
54 32 40
55 32 40
54 34 40
53 34 40
54 33 40
54 32 40
55 32 40
56 32 40
54 34 40
55 33 40
55 32 40
56 32 40
57 32 40
56 33 40
56 32 40
57 32 40
58 32 40
57 33 40
57 32 40
58 32 40
59 32 40
58 33 40
58 32 40
59 32 40
60 32 40
59 33 40
59 32 40
60 32 40
61 32 40
60 33 40
60 32 40
61 32 40
62 32 40
61 33 40
61 32 40
62 32 40
63 32 40
62 33 40
62 32 40
63 32 40
64 32 40
63 33 40
63 32 40
64 32 40
65 32 40
64 33 40
64 32 40
65 32 40
66 32 40
65 33 40
65 32 40
66 32 40
67 32 40
66 33 40
66 32 40
67 32 40
68 32 40
67 33 40
67 32 40
68 32 40
69 32 40
68 33 40
68 32 40
69 32 40
70 32 40
69 33 40
69 32 40
70 32 40
71 32 40
70 33 40
70 32 40
71 32 40
72 32 40
71 33 40
71 32 40
72 32 40
73 32 40
72 33 40
72 32 40
73 32 40
74 32 40
73 33 40
73 32 40
74 32 40
75 32 40
74 33 40
74 32 40
75 32 40
76 32 40
75 33 40
75 32 40
76 32 40
77 32 40
77 34 32
76 33 38
76 32 40
77 32 40
78 32 40
78 34 33
77 34 32
77 33 37
77 32 40
78 32 40
79 32 40
79 34 33
78 34 33
77 34 32
78 33 36
78 32 40
79 32 40
80 32 40
80 34 33
79 34 33
78 34 33
79 33 36
79 32 40
80 32 40
81 32 40
81 34 33
80 34 33
79 34 33
80 33 36
80 32 40
81 32 40
82 32 40
82 34 33
81 34 33
80 34 33
81 33 36
81 32 40
82 32 40
83 32 40
83 34 33
82 34 33
81 34 33
82 33 36
82 32 40
83 32 40
84 32 40
84 34 33
83 34 33
82 34 33
83 33 36
83 32 40
84 32 40
85 32 40
84 34 33
83 34 33
84 33 37
84 32 40
85 32 40
86 32 40
84 34 33
85 33 38
85 32 40
86 32 40
87 32 40
86 33 39
86 32 40
87 32 40
88 32 40
87 33 39
87 32 40
88 32 40
89 32 40
89 34 36
88 33 39
88 32 40
89 32 40
90 32 40
90 34 36
89 34 36
89 33 38
89 32 40
90 32 40
91 32 40
91 34 36
90 34 36
89 34 36
90 33 38
90 32 40
91 32 40
92 32 40
92 34 36
91 34 36
90 34 36
91 33 38
91 32 40
92 32 40
93 32 40
93 34 36
92 34 36
91 34 36
92 33 38
92 32 40
93 32 40
94 32 40
94 34 36
93 34 36
92 34 36
93 33 38
93 32 40
94 32 40
95 32 40
95 34 36
94 34 36
93 34 36
94 33 38
94 32 40
95 32 40
96 32 40
96 34 36
95 34 36
94 34 36
95 33 38
95 32 40
96 32 40
97 32 40
97 34 36
96 34 36
95 34 36
96 33 38
96 32 40
97 32 40
98 32 40
98 34 36
97 34 36
96 34 36
97 33 38
97 32 40
98 32 40
99 32 40
99 34 36
98 34 36
97 34 36
98 33 38
98 32 40
99 32 40
100 32 40
100 34 36
99 34 36
98 34 36
99 33 38
99 32 40
100 32 40
101 32 40
101 34 36
100 34 36
99 34 36
100 33 38
100 32 40
101 32 40
102 32 40
102 34 36
101 34 36
100 34 36
101 33 38
101 32 40
102 32 40
103 32 40
103 34 36
102 34 36
101 34 36
102 33 38
102 32 40
103 32 40
104 32 40
104 34 36
103 34 36
102 34 36
103 33 38
103 32 40
104 32 40
105 32 40
105 34 36
104 34 36
103 34 36
104 33 38
104 32 40
105 32 40
106 32 40
106 34 36
105 34 36
104 34 36
105 33 38
105 32 40
106 32 40
107 32 40
107 34 36
106 34 36
105 34 36
106 33 38
106 32 40
107 32 40
108 32 40
108 34 36
107 34 36
106 34 36
107 33 38
107 32 40
108 32 40
109 32 40
109 34 36
108 34 36
107 34 36
108 33 38
108 32 40
109 32 40
110 32 40
110 34 36
109 34 36
108 34 36
109 33 38
109 32 40
110 32 40
111 32 40
111 34 35
110 34 36
109 34 36
110 33 37
110 32 40
111 32 40
112 32 40
112 34 35
111 34 35
110 34 36
111 33 37
111 32 40
112 32 40
113 32 40
113 34 35
112 34 35
111 34 35
112 33 37
112 32 40
113 32 40
114 32 40
114 34 35
113 34 35
112 34 35
113 33 37
113 32 40
114 32 40
115 32 40
115 34 35
114 34 35
113 34 35
114 33 37
114 32 40
115 32 40
116 32 40
116 34 35
115 34 35
114 34 35
115 33 37
115 32 40
116 32 40
117 32 40
117 34 35
116 34 35
115 34 35
116 33 37
116 32 40
117 32 40
117 34 35
116 34 35
23 34 40
23 33 40
24 33 40
25 33 40
23 35 40
24 34 40
24 33 40
25 33 40
26 33 40
26 35 32
25 34 38
25 33 40
26 33 40
27 33 40
27 35 32
26 35 32
26 34 37
26 33 40
27 33 40
28 33 40
28 35 32
27 35 32
26 35 32
27 34 36
27 33 40
28 33 40
29 33 40
29 35 32
28 35 32
27 35 32
28 34 36
28 33 40
29 33 40
30 33 40
30 35 32
29 35 32
28 35 32
29 34 36
29 33 40
30 33 40
31 33 40
31 35 31
30 35 32
29 35 32
30 34 35
30 33 40
31 33 40
32 33 40
31 35 31
30 35 32
31 34 36
31 33 40
32 33 40
33 33 40
31 35 31
32 34 37
32 33 40
33 33 40
34 33 40
33 34 39
33 33 40
34 33 40
35 33 40
34 34 39
34 33 40
35 33 40
36 33 40
35 34 39
35 33 40
36 33 40
37 33 40
36 34 39
36 33 40
37 33 40
38 33 40
37 34 39
37 33 40
38 33 40
39 33 40
38 34 39
38 33 40
39 33 40
40 33 40
39 34 39
39 33 40
40 33 40
41 33 40
40 34 39
40 33 40
41 33 40
42 33 40
41 34 39
41 33 40
42 33 40
43 33 40
42 34 39
42 33 40
43 33 40
44 33 40
43 34 39
43 33 40
44 33 40
45 33 40
44 34 39
44 33 40
45 33 40
46 33 40
45 34 39
45 33 40
46 33 40
47 33 40
46 34 39
46 33 40
47 33 40
48 33 40
47 34 39
47 33 40
48 33 40
49 33 40
48 34 39
48 33 40
49 33 40
50 33 40
49 34 39
49 33 40
50 33 40
51 33 40
50 34 39
50 33 40
51 33 40
52 33 40
51 34 39
51 33 40
52 33 40
53 33 40
53 34 40
54 34 40
54 33 40
55 33 40
56 33 40
55 34 40
55 33 40
56 33 40
57 33 40
56 34 40
56 33 40
57 33 40
58 33 40
57 34 40
57 33 40
58 33 40
59 33 40
58 34 40
58 33 40
59 33 40
60 33 40
59 34 40
59 33 40
60 33 40
61 33 40
60 34 40
60 33 40
61 33 40
62 33 40
61 34 40
61 33 40
62 33 40
63 33 40
62 34 40
62 33 40
63 33 40
64 33 40
63 34 40
63 33 40
64 33 40
65 33 40
64 34 40
64 33 40
65 33 40
66 33 40
65 34 40
65 33 40
66 33 40
67 33 40
66 34 40
66 33 40
67 33 40
68 33 40
67 34 40
67 33 40
68 33 40
69 33 40
68 34 40
68 33 40
69 33 40
70 33 40
69 34 40
69 33 40
70 33 40
71 33 40
70 34 40
70 33 40
71 33 40
72 33 40
71 34 40
71 33 40
72 33 40
73 33 40
72 34 40
72 33 40
73 33 40
74 33 40
73 34 40
73 33 40
74 33 40
75 33 40
74 34 40
74 33 40
75 33 40
76 33 38
76 35 32
75 34 38
75 33 40
76 33 38
77 33 37
77 34 32
77 35 32
76 35 32
84 34 33
84 33 37
85 33 38
86 33 39
85 35 33
84 35 33
85 34 35
85 33 38
86 33 39
87 33 39
85 35 33
86 34 36
86 33 39
87 33 39
88 33 39
87 34 38
87 33 39
88 33 39
89 33 38
89 34 36
23 35 40
23 34 40
24 34 40
25 34 38
23 36 40
24 35 39
24 34 40
25 34 38
26 34 37
26 35 32
26 36 31
31 35 31
31 34 36
32 34 37
33 34 39
33 36 31
32 36 31
31 36 31
32 35 33
32 34 37
33 34 39
34 34 39
34 36 30
33 36 31
32 36 31
33 35 34
33 34 39
34 34 39
35 34 39
35 36 30
34 36 30
33 36 31
34 35 34
34 34 39
35 34 39
36 34 39
36 36 30
35 36 30
34 36 30
35 35 34
35 34 39
36 34 39
37 34 39
37 36 30
36 36 30
35 36 30
36 35 34
36 34 39
37 34 39
38 34 39
38 36 30
37 36 30
36 36 30
37 35 34
37 34 39
38 34 39
39 34 39
39 36 30
38 36 30
37 36 30
38 35 34
38 34 39
39 34 39
40 34 39
40 36 30
39 36 30
38 36 30
39 35 34
39 34 39
40 34 39
41 34 39
41 36 29
40 36 30
39 36 30
40 35 34
40 34 39
41 34 39
42 34 39
42 36 29
41 36 29
40 36 30
41 35 34
41 34 39
42 34 39
43 34 39
43 36 29
42 36 29
41 36 29
42 35 34
42 34 39
43 34 39
44 34 39
44 36 29
43 36 29
42 36 29
43 35 34
43 34 39
44 34 39
45 34 39
45 36 29
44 36 29
43 36 29
44 35 34
44 34 39
45 34 39
46 34 39
46 36 29
45 36 29
44 36 29
45 35 34
45 34 39
46 34 39
47 34 39
47 36 29
46 36 29
45 36 29
46 35 34
46 34 39
47 34 39
48 34 39
48 36 29
47 36 29
46 36 29
47 35 34
47 34 39
48 34 39
49 34 39
49 36 28
48 36 29
47 36 29
48 35 33
48 34 39
49 34 39
50 34 39
50 36 28
49 36 28
48 36 29
49 35 33
49 34 39
50 34 39
51 34 39
51 36 28
50 36 28
49 36 28
50 35 33
50 34 39
51 34 39
52 34 39
52 36 28
51 36 28
50 36 28
51 35 33
51 34 39
52 34 39
53 34 40
52 36 28
51 36 28
52 35 34
52 34 39
53 34 40
54 34 40
52 36 28
53 35 36
53 34 40
54 34 40
55 34 40
55 36 28
54 35 36
54 34 40
55 34 40
56 34 40
55 36 28
55 35 36
55 34 40
56 34 40
57 34 40
55 36 28
56 35 36
56 34 40
57 34 40
58 34 40
58 36 29
57 35 37
57 34 40
58 34 40
59 34 40
59 36 29
58 36 29
58 35 35
58 34 40
59 34 40
60 34 40
60 36 29
59 36 29
58 36 29
59 35 34
59 34 40
60 34 40
61 34 40
61 36 29
60 36 29
59 36 29
60 35 34
60 34 40
61 34 40
62 34 40
62 36 29
61 36 29
60 36 29
61 35 34
61 34 40
62 34 40
63 34 40
63 36 29
62 36 29
61 36 29
62 35 34
62 34 40
63 34 40
64 34 40
64 36 29
63 36 29
62 36 29
63 35 34
63 34 40
64 34 40
65 34 40
65 36 29
64 36 29
63 36 29
64 35 34
64 34 40
65 34 40
66 34 40
66 36 30
65 36 29
64 36 29
65 35 34
65 34 40
66 34 40
67 34 40
67 36 30
66 36 30
65 36 29
66 35 34
66 34 40
67 34 40
68 34 40
68 36 30
67 36 30
66 36 30
67 35 34
67 34 40
68 34 40
69 34 40
69 36 30
68 36 30
67 36 30
68 35 34
68 34 40
69 34 40
70 34 40
70 36 30
69 36 30
68 36 30
69 35 34
69 34 40
70 34 40
71 34 40
71 36 30
70 36 30
69 36 30
70 35 34
70 34 40
71 34 40
72 34 40
72 36 30
71 36 30
70 36 30
71 35 34
71 34 40
72 34 40
73 34 40
73 36 30
72 36 30
71 36 30
72 35 34
72 34 40
73 34 40
74 34 40
74 36 31
73 36 30
72 36 30
73 35 35
73 34 40
74 34 40
75 34 38
75 36 31
74 36 31
73 36 30
74 35 35
74 34 40
75 34 38
76 34 35
76 35 32
76 36 31
75 36 31
74 36 31
85 35 33
85 34 35
86 34 36
87 34 38
87 36 32
86 36 32
85 36 32
86 35 34
86 34 36
87 34 38
88 34 38
88 36 32
87 36 32
86 36 32
87 35 34
87 34 38
88 34 38
89 34 36
88 36 32
87 36 32
88 35 35
88 34 38
89 34 36
90 34 36
90 35 35
88 36 32
23 36 40
23 35 40
24 35 39
25 35 36
23 37 40
24 36 39
24 35 39
25 35 36
26 35 32
26 36 31
26 37 31
52 36 28
52 35 34
53 35 36
54 35 36
54 37 27
53 37 27
52 37 27
53 36 30
53 35 36
54 35 36
55 35 36
55 36 28
55 37 27
54 37 27
53 37 27
55 36 28
55 35 36
56 35 36
57 35 37
55 37 27
56 36 32
56 35 36
57 35 37
58 35 35
58 36 29
58 37 28
88 36 32
88 35 35
89 35 35
90 35 35
88 37 31
89 36 33
89 35 35
90 35 35
91 35 35
91 36 34
91 37 33
23 37 40
23 36 40
24 36 39
25 36 34
23 38 40
24 37 38
24 36 39
25 36 34
26 36 31
26 37 31
26 38 30
55 37 27
55 36 28
56 36 32
57 36 32
55 38 26
56 37 29
56 36 32
57 36 32
58 36 29
58 37 28
58 38 27
88 37 31
88 36 32
89 36 33
90 36 34
88 38 31
89 37 32
89 36 33
90 36 34
91 36 34
91 37 33
91 38 32
23 38 40
23 37 40
24 37 38
25 37 33
23 39 40
24 38 38
24 37 38
25 37 33
26 37 31
26 38 30
26 39 30
55 38 26
55 37 27
56 37 29
57 37 29
55 39 26
56 38 27
56 37 29
57 37 29
58 37 28
58 38 27
58 39 26
88 38 31
88 37 31
89 37 32
90 37 33
88 39 30
89 38 31
89 37 32
90 37 33
91 37 33
91 38 32
91 39 31
23 39 40
23 38 40
24 38 38
25 38 33
23 40 39
24 39 38
24 38 38
25 38 33
26 38 30
26 39 30
26 40 29
55 39 26
55 38 26
56 38 27
57 38 27
55 40 25
56 39 26
56 38 27
57 38 27
58 38 27
58 39 26
58 40 26
88 39 30
88 38 31
89 38 31
90 38 32
88 40 29
89 39 30
89 38 31
90 38 32
91 38 32
91 39 31
91 40 30
23 40 39
23 39 40
24 39 38
25 39 33
23 41 39
24 40 37
24 39 38
25 39 33
26 39 30
26 40 29
26 41 28
55 40 25
55 39 26
56 39 26
57 39 26
55 41 24
56 40 25
56 39 26
57 39 26
58 39 26
58 40 26
58 41 25
88 40 29
88 39 30
89 39 30
90 39 31
88 41 28
89 40 29
89 39 30
90 39 31
91 39 31
91 40 30
91 41 29
23 41 39
23 40 39
24 40 37
25 40 32
23 42 39
24 41 37
24 40 37
25 40 32
26 40 29
26 41 28
26 42 28
55 41 24
55 40 25
56 40 25
57 40 25
55 42 24
56 41 24
56 40 25
57 40 25
58 40 26
58 41 25
58 42 24
88 41 28
88 40 29
89 40 29
90 40 30
88 42 28
89 41 28
89 40 29
90 40 30
91 40 30
91 41 29
91 42 27
23 42 39
23 41 39
24 41 37
25 41 31
25 43 27
24 42 34
24 41 37
25 41 31
26 41 28
26 42 28
26 43 27
25 43 27
55 42 24
55 41 24
56 41 24
57 41 24
55 43 22
56 42 23
56 41 24
57 41 24
58 41 25
58 42 24
58 43 22
88 42 28
88 41 28
89 41 28
90 41 28
88 43 27
89 42 27
89 41 28
90 41 28
91 41 29
91 42 27
91 43 26
22 43 39
22 42 38
23 42 39
24 42 34
23 44 39
22 44 39
23 43 38
23 42 39
24 42 34
25 42 30
25 43 27
23 44 39
55 43 22
55 42 24
56 42 23
57 42 23
55 44 22
56 43 22
56 42 23
57 42 23
58 42 24
58 43 22
58 44 22
88 43 27
88 42 28
89 42 27
90 42 27
88 44 26
89 43 27
89 42 27
90 42 27
91 42 27
91 43 26
91 44 25
23 44 39
23 43 38
24 43 34
25 43 27
25 45 26
24 44 32
24 43 34
25 43 27
26 43 27
26 44 26
26 45 26
25 45 26
55 44 22
55 43 22
56 43 22
57 43 22
55 45 22
56 44 22
56 43 22
57 43 22
58 43 22
58 44 22
58 45 22
88 44 26
88 43 27
89 43 27
90 43 26
88 45 25
89 44 26
89 43 27
90 43 26
91 43 26
91 44 25
91 45 24
22 45 39
22 44 39
23 44 39
24 44 32
22 46 39
23 45 37
23 44 39
24 44 32
25 44 28
25 45 26
55 45 22
55 44 22
56 44 22
57 44 22
55 46 22
56 45 22
56 44 22
57 44 22
58 44 22
58 45 22
58 46 22
88 45 25
88 44 26
89 44 26
90 44 25
88 46 25
89 45 25
89 44 26
90 44 25
91 44 25
91 45 24
91 46 22
22 46 39
22 45 39
23 45 37
24 45 32
22 47 39
23 46 37
23 45 37
24 45 32
25 45 26
24 46 33
24 45 32
25 45 26
26 45 26
26 46 25
26 47 25
55 46 22
55 45 22
56 45 22
57 45 22
55 47 22
56 46 22
56 45 22
57 45 22
58 45 22
58 46 22
58 47 20
88 46 25
88 45 25
89 45 25
90 45 24
88 47 24
89 46 24
89 45 25
90 45 24
91 45 24
91 46 22
91 47 22
22 47 39
22 46 39
23 46 37
24 46 33
22 48 39
23 47 37
23 46 37
24 46 33
25 46 27
24 47 33
24 46 33
25 46 27
26 46 25
26 47 25
26 48 23
55 47 22
55 46 22
56 46 22
57 46 21
56 47 21
56 46 22
57 46 21
58 46 22
58 47 20
58 48 19
88 47 24
88 46 25
89 46 24
90 46 23
88 48 22
89 47 23
89 46 24
90 46 23
91 46 22
91 47 22
91 48 22
22 48 39
22 47 39
23 47 37
24 47 33
22 49 39
23 48 37
23 47 37
24 47 33
25 47 27
24 48 33
24 47 33
25 47 27
26 47 25
26 48 23
26 49 22
54 48 20
54 47 22
55 47 22
56 47 21
55 48 21
55 47 22
56 47 21
57 47 20
56 48 21
56 47 21
57 47 20
58 47 20
58 48 19
88 48 22
88 47 24
89 47 23
90 47 22
88 49 22
89 48 22
89 47 23
90 47 22
91 47 22
91 48 22
91 49 20
22 49 39
22 48 39
23 48 37
24 48 33
22 50 39
23 49 37
23 48 37
24 48 33
25 48 27
24 49 33
24 48 33
25 48 27
26 48 23
26 49 22
26 50 22
53 49 20
53 48 20
54 48 20
55 48 21
55 50 22
54 49 20
54 48 20
55 48 21
56 48 21
56 50 22
55 50 22
55 49 21
55 48 21
56 48 21
57 48 20
57 50 22
56 50 22
55 50 22
56 49 21
56 48 21
57 48 20
58 48 19
57 50 22
56 50 22
57 49 20
57 48 20
58 48 19
59 48 20
59 49 19
57 50 22
88 49 22
88 48 22
89 48 22
90 48 21
88 50 22
89 49 21
89 48 22
90 48 21
91 48 22
91 49 20
91 50 19
22 50 39
22 49 39
23 49 37
24 49 33
22 51 39
23 50 37
23 49 37
24 49 33
25 49 26
24 50 33
24 49 33
25 49 26
26 49 22
26 50 22
26 51 22
52 50 19
52 49 20
53 49 20
54 49 20
54 51 22
53 50 20
53 49 20
54 49 20
55 49 21
55 50 22
55 51 22
54 51 22
57 50 22
57 49 20
58 49 20
59 49 19
58 51 22
57 51 22
58 50 20
58 49 20
59 49 19
60 49 19
58 51 22
59 50 20
59 49 19
60 49 19
61 49 19
61 50 18
88 50 22
88 49 22
89 49 21
90 49 20
89 51 22
88 51 22
89 50 21
89 49 21
90 49 20
91 49 20
91 50 19
89 51 22
4 51 40
4 50 40
5 50 40
6 50 40
5 51 40
5 50 40
6 50 40
7 50 40
6 51 40
6 50 40
7 50 40
8 50 40
8 51 40
18 51 40
18 50 40
19 50 40
20 50 38
19 51 39
19 50 40
20 50 38
21 50 39
21 51 39
22 51 39
22 50 39
23 50 37
24 50 33
22 52 39
23 51 37
23 50 37
24 50 33
25 50 26
24 51 33
24 50 33
25 50 26
26 50 22
26 51 22
26 52 22
51 51 19
51 50 19
52 50 19
53 50 20
53 52 22
52 51 19
52 50 19
53 50 20
54 50 21
54 51 22
54 52 22
53 52 22
58 51 22
58 50 20
59 50 20
60 50 19
60 52 22
59 52 22
58 52 22
59 51 21
59 50 20
60 50 19
61 50 18
60 52 22
59 52 22
60 51 20
60 50 19
61 50 18
62 50 18
60 52 22
61 51 19
61 50 18
62 50 18
63 50 18
63 51 18
89 51 22
89 50 21
90 50 20
91 50 19
89 52 20
90 51 20
90 50 20
91 50 19
92 50 18
92 51 17
92 52 16
2 52 40
2 51 40
3 51 40
4 51 40
3 52 40
3 51 40
4 51 40
5 51 40
5 53 40
4 52 40
4 51 40
5 51 40
6 51 40
6 53 40
5 53 40
5 52 40
5 51 40
6 51 40
7 51 40
7 53 40
6 53 40
5 53 40
6 52 40
6 51 40
7 51 40
8 51 40
7 53 40
6 53 40
7 52 40
7 51 40
8 51 40
9 51 40
7 53 40
8 52 40
8 51 40
9 51 40
10 51 40
10 52 40
12 52 40
12 51 40
13 51 40
14 51 40
13 52 40
13 51 40
14 51 40
15 51 40
14 52 40
14 51 40
15 51 40
16 51 40
15 52 40
15 51 40
16 51 40
17 51 40
16 52 40
16 51 40
17 51 40
18 51 40
17 52 40
17 51 40
18 51 40
19 51 39
19 53 40
18 52 39
18 51 40
19 51 39
20 51 39
20 53 39
19 53 40
19 52 39
19 51 39
20 51 39
21 51 39
20 53 39
19 53 40
20 52 39
20 51 39
21 51 39
22 51 39
22 52 39
20 53 39
22 52 39
22 51 39
23 51 37
24 51 33
23 52 37
23 51 37
24 51 33
25 51 26
24 52 33
24 51 33
25 51 26
26 51 22
26 52 22
26 53 22
50 52 18
50 51 19
51 51 19
52 51 19
52 53 22
51 52 19
51 51 19
52 51 19
53 51 20
53 52 22
53 53 22
52 53 22
60 52 22
60 51 20
61 51 19
62 51 18
62 53 22
61 53 22
60 53 22
61 52 20
61 51 19
62 51 18
63 51 18
62 53 22
61 53 22
62 52 19
62 51 18
63 51 18
64 51 18
64 52 17
62 53 22
89 52 20
89 51 22
90 51 20
91 51 18
89 53 19
90 52 19
90 51 20
91 51 18
92 51 17
92 52 16
92 53 15
0 52 40
1 52 40
0 53 40
0 52 40
1 52 40
2 52 40
1 53 40
1 52 40
2 52 40
3 52 40
3 54 40
2 53 40
2 52 40
3 52 40
4 52 40
4 54 40
3 54 40
3 53 40
3 52 40
4 52 40
5 52 40
5 53 40
5 54 40
4 54 40
3 54 40
7 53 40
7 52 40
8 52 40
9 52 40
9 54 40
8 54 40
7 54 40
8 53 40
8 52 40
9 52 40
10 52 40
9 54 40
8 54 40
9 53 40
9 52 40
10 52 40
11 52 40
9 54 40
10 53 40
10 52 40
11 52 40
12 52 40
11 53 40
11 52 40
12 52 40
13 52 40
13 54 40
12 53 40
12 52 40
13 52 40
14 52 40
14 54 40
13 54 40
13 53 40
13 52 40
14 52 40
15 52 40
15 54 40
14 54 40
13 54 40
14 53 40
14 52 40
15 52 40
16 52 40
16 54 40
15 54 40
14 54 40
15 53 40
15 52 40
16 52 40
17 52 40
17 54 40
16 54 40
15 54 40
16 53 40
16 52 40
17 52 40
18 52 39
18 54 40
17 54 40
16 54 40
17 53 39
17 52 40
18 52 39
19 52 39
19 53 40
19 54 38
18 54 40
17 54 40
20 53 39
20 52 39
21 52 39
22 52 39
20 54 38
21 53 38
21 52 39
22 52 39
23 52 37
22 53 38
22 52 39
23 52 37
24 52 33
23 53 36
23 52 37
24 52 33
25 52 26
24 53 33
24 52 33
25 52 26
26 52 22
26 53 22
26 54 20
48 53 18
48 52 19
49 52 18
50 52 18
49 53 18
49 52 18
50 52 18
51 52 19
51 54 22
50 53 19
50 52 18
51 52 19
52 52 20
52 53 22
52 54 22
51 54 22
62 53 22
62 52 19
63 52 18
64 52 17
63 54 22
62 54 22
63 53 20
63 52 18
64 52 17
65 52 17
65 53 16
63 54 22
89 53 19
89 52 20
90 52 19
91 52 17
90 53 18
90 52 19
91 52 17
92 52 16
92 53 15
92 54 14
0 53 40
1 53 40
1 55 40
0 55 40
0 54 40
0 53 40
1 53 40
2 53 40
2 55 40
1 55 40
0 55 40
1 54 40
1 53 40
2 53 40
3 53 40
3 54 40
3 55 40
2 55 40
1 55 40
9 54 40
9 53 40
10 53 40
11 53 40
11 55 40
10 55 40
9 55 40
10 54 40
10 53 40
11 53 40
12 53 40
12 55 40
11 55 40
10 55 40
11 54 40
11 53 40
12 53 40
13 53 40
13 54 40
13 55 40
12 55 40
11 55 40
20 54 38
20 53 39
21 53 38
22 53 38
20 55 39
21 54 38
21 53 38
22 53 38
23 53 36
22 54 37
22 53 38
23 53 36
24 53 33
23 54 36
23 53 36
24 53 33
25 53 26
24 54 32
24 53 33
25 53 26
26 53 22
26 54 20
26 55 20
47 54 17
47 53 18
48 53 18
49 53 18
49 55 22
48 54 18
48 53 18
49 53 18
50 53 19
50 55 22
49 55 22
49 54 19
49 53 18
50 53 19
51 53 20
51 54 22
51 55 22
50 55 22
49 55 22
63 54 22
63 53 20
64 53 18
65 53 16
64 55 22
63 55 22
64 54 20
64 53 18
65 53 16
66 53 17
66 54 16
64 55 22
88 54 18
88 53 19
89 53 19
90 53 18
89 54 18
89 53 19
90 53 18
91 53 16
90 54 17
90 53 18
91 53 16
92 53 15
92 54 14
92 55 13
107 54 13
107 53 14
108 53 14
109 53 14
108 54 13
108 53 14
109 53 14
110 53 14
109 54 13
109 53 14
110 53 14
111 53 14
110 54 13
110 53 14
111 53 14
112 53 14
111 54 13
111 53 14
112 53 14
113 53 14
112 54 13
112 53 14
113 53 14
114 53 14
113 54 13
113 53 14
114 53 14
115 53 14
114 54 13
114 53 14
115 53 14
116 53 14
115 54 13
115 53 14
116 53 14
117 53 14
116 54 13
116 53 14
117 53 14
20 55 39
20 54 38
21 54 38
22 54 37
21 56 38
20 56 38
21 55 38
21 54 38
22 54 37
23 54 36
21 56 38
22 55 37
22 54 37
23 54 36
24 54 32
23 55 35
23 54 36
24 54 32
25 54 25
24 55 32
24 54 32
25 54 25
26 54 20
26 55 20
26 56 19
46 55 17
46 54 18
47 54 17
48 54 18
48 56 22
47 55 18
47 54 17
48 54 18
49 54 19
49 55 22
49 56 22
48 56 22
64 55 22
64 54 20
65 54 18
66 54 16
65 56 22
64 56 22
65 55 20
65 54 18
66 54 16
67 54 16
65 56 22
66 55 18
66 54 16
67 54 16
68 54 16
68 55 15
82 55 17
82 54 18
83 54 18
84 54 18
83 55 17
83 54 18
84 54 18
85 54 18
84 55 17
84 54 18
85 54 18
86 54 18
85 55 17
85 54 18
86 54 18
87 54 18
86 55 17
86 54 18
87 54 18
88 54 18
87 55 17
87 54 18
88 54 18
89 54 18
89 56 22
88 55 18
88 54 18
89 54 18
90 54 17
90 56 22
89 56 22
89 55 19
89 54 18
90 54 17
91 54 15
90 56 22
89 56 22
90 55 18
90 54 17
91 54 15
92 54 14
92 55 13
90 56 22
95 55 13
95 54 14
96 54 14
97 54 14
96 55 13
96 54 14
97 54 14
98 54 14
97 55 13
97 54 14
98 54 14
99 54 14
98 55 13
98 54 14
99 54 14
100 54 14
99 55 13
99 54 14
100 54 14
101 54 14
101 55 12
102 55 12
102 54 14
103 54 13
104 54 13
103 55 13
103 54 13
104 54 13
105 54 13
104 55 13
104 54 13
105 54 13
106 54 13
105 55 13
105 54 13
106 54 13
107 54 13
106 55 13
106 54 13
107 54 13
108 54 13
108 56 22
107 55 14
107 54 13
108 54 13
109 54 13
109 56 22
108 56 22
108 55 16
108 54 13
109 54 13
110 54 13
110 56 22
109 56 22
108 56 22
109 55 17
109 54 13
110 54 13
111 54 13
111 56 22
110 56 22
109 56 22
110 55 17
110 54 13
111 54 13
112 54 13
112 56 22
111 56 22
110 56 22
111 55 17
111 54 13
112 54 13
113 54 13
113 56 22
112 56 22
111 56 22
112 55 17
112 54 13
113 54 13
114 54 13
114 56 22
113 56 22
112 56 22
113 55 17
113 54 13
114 54 13
115 54 13
115 56 22
114 56 22
113 56 22
114 55 17
114 54 13
115 54 13
116 54 13
116 56 22
115 56 22
114 56 22
115 55 17
115 54 13
116 54 13
117 54 13
117 56 22
116 56 22
115 56 22
116 55 17
116 54 13
117 54 13
117 56 22
116 56 22
21 56 38
21 55 38
22 55 37
23 55 35
21 57 38
22 56 37
22 55 37
23 55 35
24 55 32
23 56 35
23 55 35
24 55 32
25 55 24
24 56 31
24 55 32
25 55 24
26 55 20
26 56 19
26 56 19
26 55 20
27 55 19
28 55 19
27 56 19
27 55 19
28 55 19
29 55 19
28 56 19
28 55 19
29 55 19
30 55 19
29 56 19
29 55 19
30 55 19
31 55 19
30 56 19
30 55 19
31 55 19
32 55 19
31 56 19
31 55 19
32 55 19
33 55 19
33 56 18
45 56 16
45 55 17
46 55 17
47 55 18
45 57 16
46 56 16
46 55 17
47 55 18
48 55 19
48 56 22
48 57 22
65 56 22
65 55 20
66 55 18
67 55 16
67 57 22
66 57 22
65 57 22
66 56 20
66 55 18
67 55 16
68 55 15
67 57 22
66 57 22
67 56 18
67 55 16
68 55 15
69 55 15
69 56 15
67 57 22
80 56 16
80 55 17
81 55 17
82 55 17
81 56 16
81 55 17
82 55 17
83 55 17
83 57 22
82 56 17
82 55 17
83 55 17
84 55 17
84 57 22
83 57 22
83 56 18
83 55 17
84 55 17
85 55 17
85 57 22
84 57 22
83 57 22
84 56 19
84 55 17
85 55 17
86 55 17
86 57 22
85 57 22
84 57 22
85 56 19
85 55 17
86 55 17
87 55 17
87 57 22
86 57 22
85 57 22
86 56 19
86 55 17
87 55 17
88 55 18
88 57 22
87 57 22
86 57 22
87 56 19
87 55 17
88 55 18
89 55 19
89 56 22
89 57 22
88 57 22
87 57 22
90 56 22
90 55 18
91 55 16
92 55 13
91 57 22
90 57 22
91 56 18
91 55 16
92 55 13
93 55 13
91 57 22
92 56 16
92 55 13
93 55 13
94 55 13
93 56 13
93 55 13
94 55 13
95 55 13
94 56 13
94 55 13
95 55 13
96 55 13
96 57 22
95 56 14
95 55 13
96 55 13
97 55 13
97 57 22
96 57 22
96 56 16
96 55 13
97 55 13
98 55 13
98 57 22
97 57 22
96 57 22
97 56 17
97 55 13
98 55 13
99 55 13
99 57 22
98 57 22
97 57 22
98 56 17
98 55 13
99 55 13
100 55 13
100 57 22
99 57 22
98 57 22
99 56 17
99 55 13
100 55 13
101 55 12
100 57 22
99 57 22
100 56 16
100 55 13
101 55 12
102 55 12
100 57 22
101 56 15
101 55 12
102 55 12
103 55 13
103 57 22
102 56 14
102 55 12
103 55 13
104 55 13
104 57 22
103 57 22
103 56 16
103 55 13
104 55 13
105 55 13
105 57 22
104 57 22
103 57 22
104 56 17
104 55 13
105 55 13
106 55 13
106 57 22
105 57 22
104 57 22
105 56 17
105 55 13
106 55 13
107 55 14
107 57 22
106 57 22
105 57 22
106 56 17
106 55 13
107 55 14
108 55 16
108 56 22
108 57 22
107 57 22
106 57 22
21 57 38
21 56 38
22 56 37
23 56 35
21 58 38
22 57 37
22 56 37
23 56 35
24 56 31
23 57 35
23 56 35
24 56 31
25 56 25
24 57 31
24 56 31
25 56 25
26 56 19
25 57 26
25 56 25
26 56 19
27 56 19
27 58 22
26 57 22
26 56 19
27 56 19
28 56 19
28 58 22
27 58 22
27 57 20
27 56 19
28 56 19
29 56 19
29 58 22
28 58 22
27 58 22
28 57 20
28 56 19
29 56 19
30 56 19
30 58 22
29 58 22
28 58 22
29 57 20
29 56 19
30 56 19
31 56 19
31 58 22
30 58 22
29 58 22
30 57 20
30 56 19
31 56 19
32 56 18
32 58 22
31 58 22
30 58 22
31 57 20
31 56 19
32 56 18
33 56 18
32 58 22
31 58 22
32 57 19
32 56 18
33 56 18
34 56 18
32 58 22
33 57 19
33 56 18
34 56 18
35 56 18
34 57 18
34 56 18
35 56 18
36 56 18
35 57 18
35 56 18
36 56 18
37 56 17
37 57 17
45 57 16
45 56 16
46 56 16
47 56 19
47 58 22
46 57 17
46 56 16
47 56 19
48 56 22
48 57 22
48 58 22
47 58 22
67 57 22
67 56 18
68 56 16
69 56 15
68 58 22
67 58 22
68 57 19
68 56 16
69 56 15
70 56 15
70 57 14
68 58 22
75 57 15
75 56 15
76 56 15
77 56 16
76 57 15
76 56 15
77 56 16
78 56 16
77 57 15
77 56 16
78 56 16
79 56 16
78 57 15
78 56 16
79 56 16
80 56 16
79 57 15
79 56 16
80 56 16
81 56 16
81 58 22
80 57 17
80 56 16
81 56 16
82 56 17
82 58 22
81 58 22
81 57 18
81 56 16
82 56 17
83 56 18
83 57 22
83 58 22
82 58 22
81 58 22
91 57 22
91 56 18
92 56 16
93 56 13
91 58 22
92 57 18
92 56 16
93 56 13
94 56 13
94 58 22
93 57 16
93 56 13
94 56 13
95 56 14
95 58 22
94 58 22
94 57 16
94 56 13
95 56 14
96 56 16
96 57 22
96 58 22
95 58 22
94 58 22
100 57 22
100 56 16
101 56 15
102 56 14
102 58 22
101 58 22
100 58 22
101 57 19
101 56 15
102 56 14
103 56 16
103 57 22
103 58 22
102 58 22
101 58 22
21 58 38
21 57 38
22 57 37
23 57 35
21 59 38
22 58 37
22 57 37
23 57 35
24 57 31
23 58 35
23 57 35
24 57 31
25 57 26
24 58 31
24 57 31
25 57 26
26 57 22
25 58 27
25 57 26
26 57 22
27 57 20
27 58 22
27 59 22
32 58 22
32 57 19
33 57 19
34 57 18
34 59 22
33 59 22
32 59 22
33 58 20
33 57 19
34 57 18
35 57 18
35 59 22
34 59 22
33 59 22
34 58 20
34 57 18
35 57 18
36 57 17
36 59 22
35 59 22
34 59 22
35 58 19
35 57 18
36 57 17
37 57 17
36 59 22
35 59 22
36 58 19
36 57 17
37 57 17
38 57 17
36 59 22
37 58 18
37 57 17
38 57 17
39 57 17
38 58 17
38 57 17
39 57 17
40 57 16
39 58 16
39 57 17
40 57 16
41 57 16
40 58 16
40 57 16
41 57 16
42 57 16
42 58 16
44 58 15
44 57 16
45 57 16
46 57 17
46 59 22
45 58 17
45 57 16
46 57 17
47 57 20
47 58 22
47 59 22
46 59 22
68 58 22
68 57 19
69 57 16
70 57 14
69 59 22
68 59 22
69 58 19
69 57 16
70 57 14
71 57 14
69 59 22
70 58 17
70 57 14
71 57 14
72 57 14
71 58 14
71 57 14
72 57 14
73 57 14
72 58 14
72 57 14
73 57 14
74 57 14
73 58 14
73 57 14
74 57 14
75 57 15
74 58 14
74 57 14
75 57 15
76 57 15
76 59 22
75 58 16
75 57 15
76 57 15
77 57 15
77 59 22
76 59 22
76 58 17
76 57 15
77 57 15
78 57 15
78 59 22
77 59 22
76 59 22
77 58 18
77 57 15
78 57 15
79 57 15
79 59 22
78 59 22
77 59 22
78 58 18
78 57 15
79 57 15
80 57 17
80 59 22
79 59 22
78 59 22
79 58 18
79 57 15
80 57 17
81 57 18
81 58 22
81 59 22
80 59 22
79 59 22
91 58 22
91 57 22
92 57 18
93 57 16
91 59 22
92 58 20
92 57 18
93 57 16
94 57 16
94 58 22
94 59 22
21 59 38
21 58 38
22 58 37
23 58 35
22 60 38
21 60 38
22 59 37
22 58 37
23 58 35
24 58 31
22 60 38
23 59 35
23 58 35
24 58 31
25 58 27
25 60 22
24 59 30
24 58 31
25 58 27
26 58 23
26 60 22
25 60 22
25 59 25
25 58 27
26 58 23
27 58 22
27 59 22
27 60 22
26 60 22
25 60 22
36 59 22
36 58 19
37 58 18
38 58 17
38 60 22
37 60 22
36 60 22
37 59 20
37 58 18
38 58 17
39 58 16
39 60 22
38 60 22
37 60 22
38 59 19
38 58 17
39 58 16
40 58 16
40 60 22
39 60 22
38 60 22
39 59 19
39 58 16
40 58 16
41 58 16
41 60 22
40 60 22
39 60 22
40 59 19
40 58 16
41 58 16
42 58 16
41 60 22
40 60 22
41 59 18
41 58 16
42 58 16
43 58 15
41 60 22
42 59 17
42 58 16
43 58 15
44 58 15
43 59 15
43 58 15
44 58 15
45 58 17
44 59 15
44 58 15
45 58 17
46 58 19
46 59 22
46 60 22
69 59 22
69 58 19
70 58 17
71 58 14
69 60 22
70 59 18
70 58 17
71 58 14
72 58 14
72 60 22
71 59 17
71 58 14
72 58 14
73 58 14
73 60 22
72 60 22
72 59 17
72 58 14
73 58 14
74 58 14
74 60 22
73 60 22
72 60 22
73 59 17
73 58 14
74 58 14
75 58 16
75 60 22
74 60 22
73 60 22
74 59 18
74 58 14
75 58 16
76 58 17
76 59 22
76 60 22
75 60 22
74 60 22
91 59 22
91 58 22
92 58 20
93 58 19
91 60 22
92 59 21
92 58 20
93 58 19
94 58 22
94 59 22
94 60 22
22 60 38
22 59 37
23 59 35
24 59 30
22 61 38
23 60 35
23 59 35
24 59 30
25 59 25
25 60 22
25 61 22
41 60 22
41 59 18
42 59 17
43 59 15
43 61 22
42 61 22
41 61 22
42 60 19
42 59 17
43 59 15
44 59 15
43 61 22
42 61 22
43 60 18
43 59 15
44 59 15
45 59 18
43 61 22
44 60 17
44 59 15
45 59 18
46 59 22
46 60 22
46 61 22
69 60 22
69 59 22
70 59 18
71 59 17
69 61 22
70 60 20
70 59 18
71 59 17
72 59 17
72 60 22
72 61 22
91 60 22
91 59 22
92 59 21
93 59 21
91 61 22
92 60 21
92 59 21
93 59 21
94 59 22
94 60 22
94 61 22
22 61 38
22 60 38
23 60 35
24 60 28
22 62 38
23 61 35
23 60 35
24 60 28
25 60 22
25 61 22
25 62 22
43 61 22
43 60 18
44 60 17
45 60 19
43 62 22
44 61 19
44 60 17
45 60 19
46 60 22
46 61 22
46 62 22
69 61 22
69 60 22
70 60 20
71 60 19
71 62 22
70 61 21
70 60 20
71 60 19
72 60 22
72 61 22
72 62 22
71 62 22
91 61 22
91 60 22
92 60 21
93 60 21
91 62 22
92 61 21
92 60 21
93 60 21
94 60 22
94 61 22
94 62 22
22 62 38
22 61 38
23 61 35
24 61 27
22 63 38
23 62 35
23 61 35
24 61 27
25 61 22
25 62 22
25 63 22
43 62 22
43 61 22
44 61 19
45 61 20
43 63 22
44 62 21
44 61 19
45 61 20
46 61 22
46 62 22
46 63 22
68 62 22
68 61 22
69 61 22
70 61 21
68 63 22
69 62 21
69 61 22
70 61 21
71 61 21
71 62 22
71 63 22
91 62 22
91 61 22
92 61 21
93 61 21
91 63 22
92 62 21
92 61 21
93 61 21
94 61 22
94 62 22
94 63 22
22 63 38
22 62 38
23 62 35
24 62 27
22 64 38
23 63 35
23 62 35
24 62 27
25 62 22
25 63 22
25 64 22
43 63 22
43 62 22
44 62 21
45 62 21
43 64 22
44 63 21
44 62 21
45 62 21
46 62 22
46 63 22
46 64 22
68 63 22
68 62 22
69 62 21
70 62 21
68 64 22
69 63 21
69 62 21
70 62 21
71 62 22
71 63 22
71 64 22
91 63 22
91 62 22
92 62 21
93 62 21
91 64 22
92 63 21
92 62 21
93 62 21
94 62 22
94 63 22
94 64 22
22 64 38
22 63 38
23 63 35
24 63 27
22 65 38
23 64 35
23 63 35
24 63 27
25 63 22
25 64 22
25 65 22
43 64 22
43 63 22
44 63 21
45 63 21
43 65 22
44 64 21
44 63 21
45 63 21
46 63 22
46 64 22
46 65 22
68 64 22
68 63 22
69 63 21
70 63 21
68 65 22
69 64 21
69 63 21
70 63 21
71 63 22
71 64 22
71 65 22
91 64 22
91 63 22
92 63 21
93 63 21
91 65 22
92 64 21
92 63 21
93 63 21
94 63 22
94 64 22
94 65 22
22 65 38
22 64 38
23 64 35
24 64 27
22 66 38
23 65 35
23 64 35
24 64 27
25 64 22
25 65 22
25 66 22
43 65 22
43 64 22
44 64 21
45 64 21
44 66 22
43 66 22
44 65 21
44 64 21
45 64 21
46 64 22
46 65 22
44 66 22
68 65 22
68 64 22
69 64 21
70 64 21
68 66 22
69 65 21
69 64 21
70 64 21
71 64 22
71 65 22
71 66 22
91 65 22
91 64 22
92 64 21
93 64 21
91 66 22
92 65 21
92 64 21
93 64 21
94 64 22
94 65 22
94 66 22
22 66 38
22 65 38
23 65 35
24 65 27
22 67 38
23 66 35
23 65 35
24 65 27
25 65 22
25 66 22
25 67 22
44 66 22
44 65 21
45 65 21
46 65 22
44 67 22
45 66 21
45 65 21
46 65 22
47 65 22
47 66 22
47 67 22
68 66 22
68 65 22
69 65 21
70 65 21
68 67 22
69 66 21
69 65 21
70 65 21
71 65 22
71 66 22
71 67 22
91 66 22
91 65 22
92 65 21
93 65 21
92 67 22
91 67 22
92 66 21
92 65 21
93 65 21
94 65 22
94 66 22
92 67 22
22 67 38
22 66 38
23 66 35
24 66 27
22 68 38
23 67 35
23 66 35
24 66 27
25 66 22
25 67 22
25 68 22
44 67 22
44 66 22
45 66 21
46 66 21
44 68 22
45 67 21
45 66 21
46 66 21
47 66 22
47 67 22
47 68 22
68 67 22
68 66 22
69 66 21
70 66 21
68 68 22
69 67 21
69 66 21
70 66 21
71 66 22
71 67 22
71 68 22
92 67 22
92 66 21
93 66 21
94 66 22
92 68 22
93 67 21
93 66 21
94 66 22
95 66 22
95 67 22
95 68 22
22 68 38
22 67 38
23 67 35
24 67 27
22 69 38
23 68 35
23 67 35
24 67 27
25 67 22
25 68 22
25 69 22
44 68 22
44 67 22
45 67 21
46 67 21
45 69 22
44 69 22
45 68 21
45 67 21
46 67 21
47 67 22
47 68 22
45 69 22
68 68 22
68 67 22
69 67 21
70 67 21
70 69 22
69 68 21
69 67 21
70 67 21
71 67 22
71 68 22
71 69 22
70 69 22
92 68 22
92 67 22
93 67 21
94 67 21
92 69 22
93 68 21
93 67 21
94 67 21
95 67 22
95 68 22
95 69 22
22 69 38
22 68 38
23 68 35
24 68 27
22 70 38
23 69 35
23 68 35
24 68 27
25 68 22
25 69 22
25 70 22
45 69 22
45 68 21
46 68 21
47 68 22
45 70 22
46 69 21
46 68 21
47 68 22
48 68 22
48 69 22
48 70 22
67 69 22
67 68 22
68 68 22
69 68 21
67 70 22
68 69 21
68 68 22
69 68 21
70 68 21
70 69 22
70 70 22
92 69 22
92 68 22
93 68 21
94 68 21
92 70 22
93 69 21
93 68 21
94 68 21
95 68 22
95 69 22
95 70 22
22 70 38
22 69 38
23 69 35
24 69 27
22 71 38
23 70 35
23 69 35
24 69 27
25 69 22
25 70 22
25 71 22
45 70 22
45 69 22
46 69 21
47 69 21
45 71 22
46 70 21
46 69 21
47 69 21
48 69 22
48 70 22
48 71 22
67 70 22
67 69 22
68 69 21
69 69 21
67 71 22
68 70 21
68 69 21
69 69 21
70 69 22
70 70 22
70 71 22
92 70 22
92 69 22
93 69 21
94 69 21
92 71 22
93 70 21
93 69 21
94 69 21
95 69 22
95 70 22
95 71 22
22 71 38
22 70 38
23 70 35
24 70 27
22 72 38
23 71 35
23 70 35
24 70 27
25 70 22
25 71 22
25 72 22
45 71 22
45 70 22
46 70 21
47 70 21
45 72 22
46 71 21
46 70 21
47 70 21
48 70 22
48 71 22
48 72 22
67 71 22
67 70 22
68 70 21
69 70 21
67 72 22
68 71 21
68 70 21
69 70 21
70 70 22
70 71 22
70 72 22
92 71 22
92 70 22
93 70 21
94 70 21
92 72 22
93 71 21
93 70 21
94 70 21
95 70 22
95 71 22
95 72 22
22 72 38
22 71 38
23 71 35
24 71 27
22 73 38
23 72 35
23 71 35
24 71 27
25 71 22
25 72 22
25 73 22
45 72 22
45 71 22
46 71 21
47 71 21
46 73 22
45 73 22
46 72 21
46 71 21
47 71 21
48 71 22
48 72 22
46 73 22
67 72 22
67 71 22
68 71 21
69 71 21
67 73 22
68 72 21
68 71 21
69 71 21
70 71 22
70 72 22
70 73 22
92 72 22
92 71 22
93 71 21
94 71 21
92 73 22
93 72 21
93 71 21
94 71 21
95 71 22
95 72 22
95 73 22
22 73 38
22 72 38
23 72 35
24 72 27
22 74 38
23 73 35
23 72 35
24 72 27
25 72 22
25 73 22
25 74 22
46 73 22
46 72 21
47 72 21
48 72 22
46 74 22
47 73 21
47 72 21
48 72 22
49 72 22
49 73 22
49 74 22
67 73 22
67 72 22
68 72 21
69 72 21
69 74 22
68 73 21
68 72 21
69 72 21
70 72 22
70 73 22
70 74 22
69 74 22
92 73 22
92 72 22
93 72 21
94 72 21
92 74 22
93 73 21
93 72 21
94 72 21
95 72 22
95 73 22
95 74 22
22 74 38
22 73 38
23 73 35
24 73 27
22 75 38
23 74 35
23 73 35
24 73 27
25 73 22
25 74 22
25 75 22
46 74 22
46 73 22
47 73 21
48 73 21
46 75 22
47 74 21
47 73 21
48 73 21
49 73 22
49 74 22
49 75 22
66 74 22
66 73 22
67 73 22
68 73 21
66 75 22
67 74 21
67 73 22
68 73 21
69 73 21
69 74 22
69 75 22
92 74 22
92 73 22
93 73 21
94 73 21
92 75 22
93 74 21
93 73 21
94 73 21
95 73 22
95 74 22
95 75 22
22 75 38
22 74 38
23 74 35
24 74 27
22 76 38
23 75 35
23 74 35
24 74 27
25 74 22
25 75 22
25 76 22
46 75 22
46 74 22
47 74 21
48 74 21
46 76 22
47 75 21
47 74 21
48 74 21
49 74 22
49 75 22
49 76 22
66 75 22
66 74 22
67 74 21
68 74 21
66 76 22
67 75 21
67 74 21
68 74 21
69 74 22
69 75 22
69 76 22
92 75 22
92 74 22
93 74 21
94 74 21
92 76 22
93 75 21
93 74 21
94 74 21
95 74 22
95 75 22
95 76 22
22 76 38
22 75 38
23 75 35
24 75 27
22 77 38
23 76 35
23 75 35
24 75 27
25 75 22
25 76 22
25 77 22
46 76 22
46 75 22
47 75 21
48 75 21
46 77 22
47 76 21
47 75 21
48 75 21
49 75 22
49 76 22
49 77 22
66 76 22
66 75 22
67 75 21
68 75 21
66 77 22
67 76 21
67 75 21
68 75 21
69 75 22
69 76 22
69 77 22
92 76 22
92 75 22
93 75 21
94 75 21
92 77 22
93 76 21
93 75 21
94 75 21
95 75 22
95 76 22
95 77 22
22 77 38
22 76 38
23 76 35
24 76 27
22 78 38
23 77 35
23 76 35
24 76 27
25 76 22
25 77 22
25 78 22
46 77 22
46 76 22
47 76 21
48 76 21
46 78 22
47 77 21
47 76 21
48 76 21
49 76 22
49 77 22
49 78 22
66 77 22
66 76 22
67 76 21
68 76 21
66 78 22
67 77 21
67 76 21
68 76 21
69 76 22
69 77 22
69 78 22
92 77 22
92 76 22
93 76 21
94 76 21
92 78 22
93 77 21
93 76 21
94 76 21
95 76 22
95 77 22
95 78 22
22 78 38
22 77 38
23 77 35
24 77 27
22 79 38
23 78 35
23 77 35
24 77 27
25 77 22
25 78 22
25 79 22
46 78 22
46 77 22
47 77 21
48 77 21
47 79 22
46 79 22
47 78 21
47 77 21
48 77 21
49 77 22
49 78 22
47 79 22
66 78 22
66 77 22
67 77 21
68 77 21
66 79 22
67 78 21
67 77 21
68 77 21
69 77 22
69 78 22
69 79 22
92 78 22
92 77 22
93 77 21
94 77 21
92 79 22
93 78 21
93 77 21
94 77 21
95 77 22
95 78 22
95 79 22
22 79 38
22 78 38
23 78 35
24 78 27
22 80 38
23 79 35
23 78 35
24 78 27
25 78 22
25 79 22
25 80 22
47 79 22
47 78 21
48 78 21
49 78 22
47 80 22
48 79 21
48 78 21
49 78 22
50 78 22
50 79 22
50 80 22
66 79 22
66 78 22
67 78 21
68 78 21
66 80 22
67 79 21
67 78 21
68 78 21
69 78 22
69 79 22
69 80 22
92 79 22
92 78 22
93 78 21
94 78 21
93 80 22
92 80 22
93 79 21
93 78 21
94 78 21
95 78 22
95 79 22
93 80 22
22 80 38
22 79 38
23 79 35
24 79 27
22 81 37
23 80 35
23 79 35
24 79 27
25 79 22
25 80 22
25 81 22
47 80 22
47 79 22
48 79 21
49 79 21
47 81 22
48 80 21
48 79 21
49 79 21
50 79 22
50 80 22
50 81 22
66 80 22
66 79 22
67 79 21
68 79 21
68 81 22
66 81 22
67 80 21
67 79 21
68 79 21
69 79 22
69 80 22
69 81 22
68 81 22
93 80 22
93 79 21
94 79 21
95 79 22
93 81 22
94 80 21
94 79 21
95 79 22
96 79 22
96 80 22
96 81 22
22 81 37
22 80 38
23 80 35
24 80 27
23 81 34
23 80 35
24 80 27
25 80 22
25 81 22
47 81 22
47 80 22
48 80 21
49 80 21
48 81 21
48 80 21
49 80 21
50 80 22
50 81 22
66 81 22
66 80 22
67 80 21
68 80 21
68 81 22
93 81 22
93 80 22
94 80 21
95 80 21
94 81 21
94 80 21
95 80 21
96 80 22
96 81 22
